PBC3D 30-01-2019
t 0
tmax 0
dt 0.0001
interVerlet 0.001
interOut 0.01
interConf 0.01
dVerlet 0.00095
density 917
kn 1e+08
kt 5e+07
kr 0
dampRate 0.05
mu 0.3
mur 0
fcoh 0
fn0 0
ft0 0
mom0 0
dn0 0
dt0 0
drot0 0
powSurf 2
zetaMax 0
iconf 0
h 0.015 0 0 0 0.015 0 0 0 0.015
vh 0 0 0 0 0 0 0 0 0
ah 0 0 0 0 0 0 0 0 0
hmass 0.00112929
enableSwitch 1
Kratio 1
Particles 294
0.923959 0.438705 0.892761 0 -0 0 0 0 0 1 0 0 0 0 0 0 0 0 0 0.001 1.53645e-12 3.84112e-06
0.899745 0.569822 0.866105 0 0 -0 0 0 0 1 0 0 0 0 0 0 0 0 0 0.001 1.53645e-12 3.84112e-06
0.971301 0.31406 0.766286 0 -0 -0 0 0 0 1 0 0 0 0 0 0 0 0 0 0.001 1.53645e-12 3.84112e-06
0.967753 0.180774 0.640725 -0 0 -0 0 0 0 1 0 0 0 0 0 0 0 0 0 0.001 1.53645e-12 3.84112e-06
0.979632 0.676573 0.97144 -0 0 -0 0 0 0 1 0 0 0 0 0 0 0 0 0 0.001 1.53645e-12 3.84112e-06
0.772433 0.609437 0.965487 0 0 0 0 0 0 1 0 0 0 0 0 0 0 0 0 0.001 1.53645e-12 3.84112e-06
0.965776 0.809185 0.935693 0 -0 0 0 0 0 1 0 0 0 0 0 0 0 0 0 0.001 1.53645e-12 3.84112e-06
0.930209 0.440903 0.706648 -0 0 -0 0 0 0 1 0 0 0 0 0 0 0 0 0 0.001 1.53645e-12 3.84112e-06
0.641888 0.582313 0.971122 -0 -0 0 0 0 0 1 0 0 0 0 0 0 0 0 0 0.001 1.53645e-12 3.84112e-06
0.793198 0.412639 0.929991 -0 0 -0 0 0 0 1 0 0 0 0 0 0 0 0 0 0.001 1.53645e-12 3.84112e-06
0.878191 0.701401 0.764948 0 0 0 0 0 0 1 0 0 0 0 0 0 0 0 0 0.001 1.53645e-12 3.84112e-06
0.7713 0.550217 0.841177 -0 0 -0 0 0 0 1 0 0 0 0 0 0 0 0 0 0.001 1.53645e-12 3.84112e-06
0.647856 0.449114 0.872887 0 -0 0 0 0 0 1 0 0 0 0 0 0 0 0 0 0.001 1.53645e-12 3.84112e-06
0.798116 0.42276 0.595625 -0 0 0 0 0 0 1 0 0 0 0 0 0 0 0 0 0.001 1.53645e-12 3.84112e-06
0.992784 0.54389 0.993702 -0 0 0 0 0 0 1 0 0 0 0 0 0 0 0 0 0.001 1.53645e-12 3.84112e-06
0.641837 0.518324 0.737581 -0 -0 -0 0 0 0 1 0 0 0 0 0 0 0 0 0 0.001 1.53645e-12 3.84112e-06
0.988572 0.669258 0.832884 -0 -0 -0 0 0 0 1 0 0 0 0 0 0 0 0 0 0.001 1.53645e-12 3.84112e-06
0.927891 0.937022 0.831085 0 0 0 0 0 0 1 0 0 0 0 0 0 0 0 0 0.001 1.53645e-12 3.84112e-06
0.907506 0.572289 0.591531 -0 0 -0 0 0 0 1 0 0 0 0 0 0 0 0 0 0.001 1.53645e-12 3.84112e-06
0.850817 0.256952 0.798157 0 0 0 0 0 0 1 0 0 0 0 0 0 0 0 0 0.001 1.53645e-12 3.84112e-06
0.966666 0.452799 0.46276 -0 0 0 0 0 0 1 0 0 0 0 0 0 0 0 0 0.001 1.53645e-12 3.84112e-06
0.878961 0.702531 0.469896 -0 -0 -0 0 0 0 1 0 0 0 0 0 0 0 0 0 0.001 1.53645e-12 3.84112e-06
0.676948 0.644427 0.851177 0 0 0 0 0 0 1 0 0 0 0 0 0 0 0 0 0.001 1.53645e-12 3.84112e-06
0.852893 0.717987 0.970074 0 -0 -0 0 0 0 1 0 0 0 0 0 0 0 0 0 0.001 1.53645e-12 3.84112e-06
0.691493 0.326419 0.79667 -0 -0 -0 0 0 0 1 0 0 0 0 0 0 0 0 0 0.001 1.53645e-12 3.84112e-06
0.849964 0.258788 0.657301 0 0 0 0 0 0 1 0 0 0 0 0 0 0 0 0 0.001 1.53645e-12 3.84112e-06
0.69991 0.775768 0.733147 -0 0 -0 0 0 0 1 0 0 0 0 0 0 0 0 0 0.001 1.53645e-12 3.84112e-06
0.861561 0.892354 0.984759 -0 0 0 0 0 0 1 0 0 0 0 0 0 0 0 0 0.001 1.53645e-12 3.84112e-06
0.516631 0.628013 0.882596 -0 -0 -0 0 0 0 1 0 0 0 0 0 0 0 0 0 0.001 1.53645e-12 3.84112e-06
0.946584 0.817444 0.602792 -0 0 -0 0 0 0 1 0 0 0 0 0 0 0 0 0 0.001 1.53645e-12 3.84112e-06
0.89686 0.0678493 0.587843 -0 -0 0 0 0 0 1 0 0 0 0 0 0 0 0 0 0.001 1.53645e-12 3.84112e-06
0.831636 0.796408 0.625894 -0 -0 -0 0 0 0 1 0 0 0 0 0 0 0 0 0 0.001 1.53645e-12 3.84112e-06
0.87172 0.198791 0.46743 -0 0 -0 0 0 0 1 0 0 0 0 0 0 0 0 0 0.001 1.53645e-12 3.84112e-06
0.432614 0.524481 0.757022 -0 -0 -0 0 0 0 1 0 0 0 0 0 0 0 0 0 0.001 1.53645e-12 3.84112e-06
0.720827 0.732378 0.995352 -0 0 -0 0 0 0 1 0 0 0 0 0 0 0 0 0 0.001 1.53645e-12 3.84112e-06
0.977124 0.802099 0.743024 0 0 -0 0 0 0 1 0 0 0 0 0 0 0 0 0 0.001 1.53645e-12 3.84112e-06
0.928265 0.926158 0.683805 -0 0 -0 0 0 0 1 0 0 0 0 0 0 0 0 0 0.001 1.53645e-12 3.84112e-06
0.578916 0.831788 0.86621 -0 -0 -0 0 0 0 1 0 0 0 0 0 0 0 0 0 0.001 1.53645e-12 3.84112e-06
0.931166 0.186911 0.89955 0 0 -0 0 0 0 1 0 0 0 0 0 0 0 0 0 0.001 1.53645e-12 3.84112e-06
0.979871 0.0479922 0.752515 -0 -0 -0 0 0 0 1 0 0 0 0 0 0 0 0 0 0.001 1.53645e-12 3.84112e-06
0.774325 0.56591 0.477884 0 -0 -0 0 0 0 1 0 0 0 0 0 0 0 0 0 0.001 1.53645e-12 3.84112e-06
0.832793 0.818847 0.831697 0 0 -0 0 0 0 1 0 0 0 0 0 0 0 0 0 0.001 1.53645e-12 3.84112e-06
0.952825 0.320186 0.585068 0 0 -0 0 0 0 1 0 0 0 0 0 0 0 0 0 0.001 1.53645e-12 3.84112e-06
0.664386 0.934125 0.885158 0 0 0 0 0 0 1 0 0 0 0 0 0 0 0 0 0.001 1.53645e-12 3.84112e-06
0.642612 0.545188 0.412559 0 -0 -0 0 0 0 1 0 0 0 0 0 0 0 0 0 0.001 1.53645e-12 3.84112e-06
0.832611 0.886639 0.481581 -0 -0 -0 0 0 0 1 0 0 0 0 0 0 0 0 0 0.001 1.53645e-12 3.84112e-06
0.847781 0.0298248 0.718747 0 -0 0 0 0 0 1 0 0 0 0 0 0 0 0 0 0.001 1.53645e-12 3.84112e-06
0.857471 0.0662214 0.454027 0 0 0 0 0 0 1 0 0 0 0 0 0 0 0 0 0.001 1.53645e-12 3.84112e-06
0.89375 0.0589347 0.970754 -0 0 0 0 0 0 1 0 0 0 0 0 0 0 0 0 0.001 1.53645e-12 3.84112e-06
0.587537 0.735772 0.960892 0 -0 0 0 0 0 1 0 0 0 0 0 0 0 0 0 0.001 1.53645e-12 3.84112e-06
0.954843 0.950521 0.469468 0 0 -0 0 0 0 1 0 0 0 0 0 0 0 0 0 0.001 1.53645e-12 3.84112e-06
0.798723 0.594338 0.718038 0 0 0 0 0 0 1 0 0 0 0 0 0 0 0 0 0.001 1.53645e-12 3.84112e-06
0.547314 0.997936 0.758393 -0 -0 0 0 0 0 1 0 0 0 0 0 0 0 0 0 0.001 1.53645e-12 3.84112e-06
0.550221 0.449055 0.545653 0 -0 0 0 0 0 1 0 0 0 0 0 0 0 0 0 0.001 1.53645e-12 3.84112e-06
0.586432 0.666108 0.534827 -0 0 0 0 0 0 1 0 0 0 0 0 0 0 0 0 0.001 1.53645e-12 3.84112e-06
0.833486 0.379651 0.464476 0 -0 -0 0 0 0 1 0 0 0 0 0 0 0 0 0 0.001 1.53645e-12 3.84112e-06
0.710675 0.322103 0.518165 0 0 -0 0 0 0 1 0 0 0 0 0 0 0 0 0 0.001 1.53645e-12 3.84112e-06
0.685134 0.524514 0.603877 0 0 -0 0 0 0 1 0 0 0 0 0 0 0 0 0 0.001 1.53645e-12 3.84112e-06
0.747923 0.727168 0.466123 -0 0 0 0 0 0 1 0 0 0 0 0 0 0 0 0 0.001 1.53645e-12 3.84112e-06
0.996909 0.582657 0.486509 0 0 -0 0 0 0 1 0 0 0 0 0 0 0 0 0 0.001 1.53645e-12 3.84112e-06
0.618589 0.865439 0.990025 0 -0 0 0 0 0 1 0 0 0 0 0 0 0 0 0 0.001 1.53645e-12 3.84112e-06
0.769888 0.152178 0.637445 0 -0 -0 0 0 0 1 0 0 0 0 0 0 0 0 0 0.001 1.53645e-12 3.84112e-06
0.807093 0.389714 0.757346 -0 0 0 0 0 0 1 0 0 0 0 0 0 0 0 0 0.001 1.53645e-12 3.84112e-06
0.637596 0.135546 0.527756 0 -0 0 0 0 0 1 0 0 0 0 0 0 0 0 0 0.001 1.53645e-12 3.84112e-06
0.473361 0.558006 0.588056 -0 0 0 0 0 0 1 0 0 0 0 0 0 0 0 0 0.001 1.53645e-12 3.84112e-06
0.734093 0.0994865 0.799169 -0 -0 0 0 0 0 1 0 0 0 0 0 0 0 0 0 0.001 1.53645e-12 3.84112e-06
0.62976 0.677901 0.361455 -0 -0 0 0 0 0 1 0 0 0 0 0 0 0 0 0 0.001 1.53645e-12 3.84112e-06
0.714697 0.0216799 0.670491 0 0 -0 0 0 0 1 0 0 0 0 0 0 0 0 0 0.001 1.53645e-12 3.84112e-06
0.967854 0.312805 0.936391 0 -0 -0 0 0 0 1 0 0 0 0 0 0 0 0 0 0.001 1.53645e-12 3.84112e-06
0.622767 0.118255 0.707213 0 -0 -0 0 0 0 1 0 0 0 0 0 0 0 0 0 0.001 1.53645e-12 3.84112e-06
0.726008 0.877774 0.594176 -0 0 -0 0 0 0 1 0 0 0 0 0 0 0 0 0 0.001 1.53645e-12 3.84112e-06
0.544151 0.225945 0.810362 0 -0 -0 0 0 0 1 0 0 0 0 0 0 0 0 0 0.001 1.53645e-12 3.84112e-06
0.717667 0.776213 0.856862 -0 -0 -0 0 0 0 1 0 0 0 0 0 0 0 0 0 0.001 1.53645e-12 3.84112e-06
0.992361 0.675136 0.585174 -0 -0 -0 0 0 0 1 0 0 0 0 0 0 0 0 0 0.001 1.53645e-12 3.84112e-06
0.611571 0.635718 0.674975 0 -0 -0 0 0 0 1 0 0 0 0 0 0 0 0 0 0.001 1.53645e-12 3.84112e-06
0.822807 0.282634 0.965658 0 0 -0 0 0 0 1 0 0 0 0 0 0 0 0 0 0.001 1.53645e-12 3.84112e-06
0.421004 0.174831 0.775246 -0 0 0 0 0 0 1 0 0 0 0 0 0 0 0 0 0.001 1.53645e-12 3.84112e-06
0.719242 0.315258 0.651838 -0 0 -0 0 0 0 1 0 0 0 0 0 0 0 0 0 0.001 1.53645e-12 3.84112e-06
0.716687 0.699446 0.587221 0 0 0 0 0 0 1 0 0 0 0 0 0 0 0 0 0.001 1.53645e-12 3.84112e-06
0.738449 0.20286 0.372182 -0 0 0 0 0 0 1 0 0 0 0 0 0 0 0 0 0.001 1.53645e-12 3.84112e-06
0.612041 0.232385 0.638945 -0 0 -0 0 0 0 1 0 0 0 0 0 0 0 0 0 0.001 1.53645e-12 3.84112e-06
0.624618 0.409194 0.657888 -0 -0 0 0 0 0 1 0 0 0 0 0 0 0 0 0 0.001 1.53645e-12 3.84112e-06
0.423335 0.282349 0.943688 0 0 -0 0 0 0 1 0 0 0 0 0 0 0 0 0 0.001 1.53645e-12 3.84112e-06
0.446369 0.413678 0.902321 0 0 -0 0 0 0 1 0 0 0 0 0 0 0 0 0 0.001 1.53645e-12 3.84112e-06
0.449778 0.361369 0.445532 -0 0 0 0 0 0 1 0 0 0 0 0 0 0 0 0 0.001 1.53645e-12 3.84112e-06
0.665467 0.436257 0.463035 -0 -0 0 0 0 0 1 0 0 0 0 0 0 0 0 0 0.001 1.53645e-12 3.84112e-06
0.406263 0.673226 0.702404 0 0 -0 0 0 0 1 0 0 0 0 0 0 0 0 0 0.001 1.53645e-12 3.84112e-06
0.958859 0.571122 0.743923 -0 0 -0 0 0 0 1 0 0 0 0 0 0 0 0 0 0.001 1.53645e-12 3.84112e-06
0.542174 0.974702 0.931438 0 -0 0 0 0 0 1 0 0 0 0 0 0 0 0 0 0.001 1.53645e-12 3.84112e-06
0.685798 0.333627 0.936059 -0 -0 -0 0 0 0 1 0 0 0 0 0 0 0 0 0 0.001 1.53645e-12 3.84112e-06
0.799973 0.974638 0.853983 0 0 0 0 0 0 1 0 0 0 0 0 0 0 0 0 0.001 1.53645e-12 3.84112e-06
0.555423 0.358801 0.80718 -0 0 -0 0 0 0 1 0 0 0 0 0 0 0 0 0 0.001 1.53645e-12 3.84112e-06
0.426697 0.393548 0.725537 0 0 -0 0 0 0 1 0 0 0 0 0 0 0 0 0 0.001 1.53645e-12 3.84112e-06
0.351844 0.288825 0.666562 -0 0 0 0 0 0 1 0 0 0 0 0 0 0 0 0 0.001 1.53645e-12 3.84112e-06
0.630661 0.212228 0.929857 -0 0 0 0 0 0 1 0 0 0 0 0 0 0 0 0 0.001 1.53645e-12 3.84112e-06
0.54942 0.299089 0.531668 -0 -0 0 0 0 0 1 0 0 0 0 0 0 0 0 0 0.001 1.53645e-12 3.84112e-06
0.866557 0.554622 0.369277 0 0 -0 0 0 0 1 0 0 0 0 0 0 0 0 0 0.001 1.53645e-12 3.84112e-06
0.730997 0.859423 0.334566 -0 -0 -0 0 0 0 1 0 0 0 0 0 0 0 0 0 0.001 1.53645e-12 3.84112e-06
0.370354 0.0514925 0.643672 0 0 0 0 0 0 1 0 0 0 0 0 0 0 0 0 0.001 1.53645e-12 3.84112e-06
0.496429 0.678625 0.351879 -0 -0 -0 0 0 0 1 0 0 0 0 0 0 0 0 0 0.001 1.53645e-12 3.84112e-06
0.587801 0.698751 0.746826 -0 -0 0 0 0 0 1 0 0 0 0 0 0 0 0 0 0.001 1.53645e-12 3.84112e-06
0.457781 0.76645 0.851939 -0 0 0 0 0 0 1 0 0 0 0 0 0 0 0 0 0.001 1.53645e-12 3.84112e-06
0.552704 0.325635 0.984628 0 0 -0 0 0 0 1 0 0 0 0 0 0 0 0 0 0.001 1.53645e-12 3.84112e-06
0.939297 0.806664 0.401203 0 0 0 0 0 0 1 0 0 0 0 0 0 0 0 0 0.001 1.53645e-12 3.84112e-06
0.255064 0.11847 0.56852 -0 -0 0 0 0 0 1 0 0 0 0 0 0 0 0 0 0.001 1.53645e-12 3.84112e-06
0.60085 0.0945759 0.838765 -0 0 0 0 0 0 1 0 0 0 0 0 0 0 0 0 0.001 1.53645e-12 3.84112e-06
0.639586 0.804891 0.507762 0 -0 0 0 0 0 1 0 0 0 0 0 0 0 0 0 0.001 1.53645e-12 3.84112e-06
0.298787 0.121533 0.895938 -0 0 0 0 0 0 1 0 0 0 0 0 0 0 0 0 0.001 1.53645e-12 3.84112e-06
0.539491 0.39258 0.330618 0 -0 0 0 0 0 1 0 0 0 0 0 0 0 0 0 0.001 1.53645e-12 3.84112e-06
0.605318 0.195519 0.379647 -0 0 -0 0 0 0 1 0 0 0 0 0 0 0 0 0 0.001 1.53645e-12 3.84112e-06
0.78374 0.3747 0.335779 -0 -0 -0 0 0 0 1 0 0 0 0 0 0 0 0 0 0.001 1.53645e-12 3.84112e-06
0.718775 0.956059 0.466117 0 -0 0 0 0 0 1 0 0 0 0 0 0 0 0 0 0.001 1.53645e-12 3.84112e-06
0.126499 0.153808 0.451709 -0 0 -0 0 0 0 1 0 0 0 0 0 0 0 0 0 0.001 1.53645e-12 3.84112e-06
0.983336 0.680813 0.336295 0 -0 -0 0 0 0 1 0 0 0 0 0 0 0 0 0 0.001 1.53645e-12 3.84112e-06
0.522286 0.493947 0.999837 -0 0 -0 0 0 0 1 0 0 0 0 0 0 0 0 0 0.001 1.53645e-12 3.84112e-06
0.889252 0.930249 0.291506 0 0 0 0 0 0 1 0 0 0 0 0 0 0 0 0 0.001 1.53645e-12 3.84112e-06
0.488906 0.180279 0.635669 0 0 -0 0 0 0 1 0 0 0 0 0 0 0 0 0 0.001 1.53645e-12 3.84112e-06
0.773663 0.520623 0.27969 -0 -0 -0 0 0 0 1 0 0 0 0 0 0 0 0 0 0.001 1.53645e-12 3.84112e-06
0.740965 0.594017 0.334785 -0 0 -0 0 0 0 1 0 0 0 0 0 0 0 0 0 0.001 1.53645e-12 3.84112e-06
0.745965 0.906509 0.730613 0 0 -0 0 0 0 1 0 0 0 0 0 0 0 0 0 0.001 1.53645e-12 3.84112e-06
0.465801 0.195235 0.399478 0 -0 -0 0 0 0 1 0 0 0 0 0 0 0 0 0 0.001 1.53645e-12 3.84112e-06
0.410598 0.996282 0.890429 -0 -0 0 0 0 0 1 0 0 0 0 0 0 0 0 0 0.001 1.53645e-12 3.84112e-06
0.455776 0.126108 0.901973 0 -0 -0 0 0 0 1 0 0 0 0 0 0 0 0 0 0.001 1.53645e-12 3.84112e-06
0.218806 0.297698 0.704275 -0 -0 0 0 0 0 1 0 0 0 0 0 0 0 0 0 0.001 1.53645e-12 3.84112e-06
0.510137 0.836841 0.539621 -0 -0 0 0 0 0 1 0 0 0 0 0 0 0 0 0 0.001 1.53645e-12 3.84112e-06
0.776231 0.157701 0.924374 0 -0 0 0 0 0 1 0 0 0 0 0 0 0 0 0 0.001 1.53645e-12 3.84112e-06
0.55905 0.828948 0.708539 -0 0 -0 0 0 0 1 0 0 0 0 0 0 0 0 0 0.001 1.53645e-12 3.84112e-06
0.135361 0.0597414 0.663382 0 -0 0 0 0 0 1 0 0 0 0 0 0 0 0 0 0.001 1.53645e-12 3.84112e-06
0.984663 0.106221 0.363161 0 -0 -0 0 0 0 1 0 0 0 0 0 0 0 0 0 0.001 1.53645e-12 3.84112e-06
0.501625 0.0281332 0.593017 -0 0 -0 0 0 0 1 0 0 0 0 0 0 0 0 0 0.001 1.53645e-12 3.84112e-06
0.5058 0.151821 0.505628 -0 0 -0 0 0 0 1 0 0 0 0 0 0 0 0 0 0.001 1.53645e-12 3.84112e-06
0.620317 0.959059 0.59844 -0 0 -0 0 0 0 1 0 0 0 0 0 0 0 0 0 0.001 1.53645e-12 3.84112e-06
0.293667 0.384559 0.839014 -0 0 0 0 0 0 1 0 0 0 0 0 0 0 0 0 0.001 1.53645e-12 3.84112e-06
0.551588 0.0336617 0.404055 -0 -0 0 0 0 0 1 0 0 0 0 0 0 0 0 0 0.001 1.53645e-12 3.84112e-06
0.305246 0.563917 0.85507 -0 0 -0 0 0 0 1 0 0 0 0 0 0 0 0 0 0.001 1.53645e-12 3.84112e-06
0.394963 0.765126 0.426342 -0 -0 -0 0 0 0 1 0 0 0 0 0 0 0 0 0 0.001 1.53645e-12 3.84112e-06
0.447512 0.880804 0.969744 0 0 -0 0 0 0 1 0 0 0 0 0 0 0 0 0 0.001 1.53645e-12 3.84112e-06
0.361165 0.21849 0.506686 -0 -0 -0 0 0 0 1 0 0 0 0 0 0 0 0 0 0.001 1.53645e-12 3.84112e-06
0.959052 0.334805 0.341344 0 0 0 0 0 0 1 0 0 0 0 0 0 0 0 0 0.001 1.53645e-12 3.84112e-06
0.283671 0.838555 0.396068 -0 -0 -0 0 0 0 1 0 0 0 0 0 0 0 0 0 0.001 1.53645e-12 3.84112e-06
0.425059 0.944723 0.747434 -0 -0 -0 0 0 0 1 0 0 0 0 0 0 0 0 0 0.001 1.53645e-12 3.84112e-06
0.489444 0.567731 0.433648 0 0 -0 0 0 0 1 0 0 0 0 0 0 0 0 0 0.001 1.53645e-12 3.84112e-06
0.615565 0.54871 0.254323 0 0 -0 0 0 0 1 0 0 0 0 0 0 0 0 0 0.001 1.53645e-12 3.84112e-06
0.952546 0.812896 0.189097 0 -0 -0 0 0 0 1 0 0 0 0 0 0 0 0 0 0.001 1.53645e-12 3.84112e-06
0.843702 0.679004 0.204247 -0 0 0 0 0 0 1 0 0 0 0 0 0 0 0 0 0.001 1.53645e-12 3.84112e-06
0.34326 0.0665089 0.780951 -0 0 -0 0 0 0 1 0 0 0 0 0 0 0 0 0 0.001 1.53645e-12 3.84112e-06
0.442201 0.378347 0.57989 0 0 0 0 0 0 1 0 0 0 0 0 0 0 0 0 0.001 1.53645e-12 3.84112e-06
0.511083 0.840456 0.397761 0 0 -0 0 0 0 1 0 0 0 0 0 0 0 0 0 0.001 1.53645e-12 3.84112e-06
0.0738276 0.178027 0.796092 -0 0 -0 0 0 0 1 0 0 0 0 0 0 0 0 0 0.001 1.53645e-12 3.84112e-06
0.461399 0.895973 0.628401 0 0 -0 0 0 0 1 0 0 0 0 0 0 0 0 0 0.001 1.53645e-12 3.84112e-06
0.758957 0.958549 0.197893 -0 -0 0 0 0 0 1 0 0 0 0 0 0 0 0 0 0.001 1.53645e-12 3.84112e-06
0.368465 0.021339 0.509455 0 0 -0 0 0 0 1 0 0 0 0 0 0 0 0 0 0.001 1.53645e-12 3.84112e-06
0.400353 0.547892 0.977929 0 0 -0 0 0 0 1 0 0 0 0 0 0 0 0 0 0.001 1.53645e-12 3.84112e-06
0.439298 0.723883 0.575361 0 -0 -0 0 0 0 1 0 0 0 0 0 0 0 0 0 0.001 1.53645e-12 3.84112e-06
0.701953 0.0746187 0.255231 -0 -0 -0 0 0 0 1 0 0 0 0 0 0 0 0 0 0.001 1.53645e-12 3.84112e-06
0.259486 0.424674 0.577097 -0 0 0 0 0 0 1 0 0 0 0 0 0 0 0 0 0.001 1.53645e-12 3.84112e-06
0.370622 0.490838 0.452219 -0 -0 -0 0 0 0 1 0 0 0 0 0 0 0 0 0 0.001 1.53645e-12 3.84112e-06
0.799168 0.831951 0.158454 -0 -0 -0 0 0 0 1 0 0 0 0 0 0 0 0 0 0.001 1.53645e-12 3.84112e-06
0.313662 0.426584 0.996938 -0 0 -0 0 0 0 1 0 0 0 0 0 0 0 0 0 0.001 1.53645e-12 3.84112e-06
0.260283 0.1919 0.776438 0 -0 0 0 0 0 1 0 0 0 0 0 0 0 0 0 0.001 1.53645e-12 3.84112e-06
0.24598 0.53819 0.405677 0 0 -0 0 0 0 1 0 0 0 0 0 0 0 0 0 0.001 1.53645e-12 3.84112e-06
0.566242 0.961845 0.276933 -0 -0 0 0 0 0 1 0 0 0 0 0 0 0 0 0 0.001 1.53645e-12 3.84112e-06
0.336326 0.786745 0.795297 0 -0 0 0 0 0 1 0 0 0 0 0 0 0 0 0 0.001 1.53645e-12 3.84112e-06
0.84689 0.280438 0.248315 0 0 0 0 0 0 1 0 0 0 0 0 0 0 0 0 0.001 1.53645e-12 3.84112e-06
0.690932 0.0552218 0.963948 -0 0 -0 0 0 0 1 0 0 0 0 0 0 0 0 0 0.001 1.53645e-12 3.84112e-06
0.323067 0.656542 0.993044 -0 0 0 0 0 0 1 0 0 0 0 0 0 0 0 0 0.001 1.53645e-12 3.84112e-06
0.983848 0.270938 0.456299 -0 -0 -0 0 0 0 1 0 0 0 0 0 0 0 0 0 0.001 1.53645e-12 3.84112e-06
0.188732 0.00280704 0.525119 0 -0 -0 0 0 0 1 0 0 0 0 0 0 0 0 0 0.001 1.53645e-12 3.84112e-06
0.328874 0.800523 0.983998 -0 0 -0 0 0 0 1 0 0 0 0 0 0 0 0 0 0.001 1.53645e-12 3.84112e-06
0.993995 0.686169 0.114496 -0 -0 0 0 0 0 1 0 0 0 0 0 0 0 0 0 0.001 1.53645e-12 3.84112e-06
0.363078 0.485666 0.639031 -0 0 -0 0 0 0 1 0 0 0 0 0 0 0 0 0 0.001 1.53645e-12 3.84112e-06
0.780657 0.387473 0.16524 -0 -0 0 0 0 0 1 0 0 0 0 0 0 0 0 0 0.001 1.53645e-12 3.84112e-06
0.315892 0.369255 0.412351 -0 0 0 0 0 0 1 0 0 0 0 0 0 0 0 0 0.001 1.53645e-12 3.84112e-06
0.195042 0.312924 0.287929 0 -0 0 0 0 0 1 0 0 0 0 0 0 0 0 0 0.001 1.53645e-12 3.84112e-06
0.219111 0.249728 0.476218 0 0 0 0 0 0 1 0 0 0 0 0 0 0 0 0 0.001 1.53645e-12 3.84112e-06
0.254985 0.118184 0.373204 0 0 0 0 0 0 1 0 0 0 0 0 0 0 0 0 0.001 1.53645e-12 3.84112e-06
0.181965 0.421229 0.449995 0 -0 -0 0 0 0 1 0 0 0 0 0 0 0 0 0 0.001 1.53645e-12 3.84112e-06
0.245973 0.710663 0.45168 -0 -0 -0 0 0 0 1 0 0 0 0 0 0 0 0 0 0.001 1.53645e-12 3.84112e-06
0.459551 0.550493 0.220923 0 -0 -0 0 0 0 1 0 0 0 0 0 0 0 0 0 0.001 1.53645e-12 3.84112e-06
0.644243 0.758174 0.202828 0 -0 -0 0 0 0 1 0 0 0 0 0 0 0 0 0 0.001 1.53645e-12 3.84112e-06
0.569402 0.0890372 0.149883 -0 -0 -0 0 0 0 1 0 0 0 0 0 0 0 0 0 0.001 1.53645e-12 3.84112e-06
0.29356 0.932408 0.992657 -0 0 0 0 0 0 1 0 0 0 0 0 0 0 0 0 0.001 1.53645e-12 3.84112e-06
0.178016 0.450912 0.945357 -0 0 -0 0 0 0 1 0 0 0 0 0 0 0 0 0 0.001 1.53645e-12 3.84112e-06
0.537733 0.656969 0.121576 -0 0 0 0 0 0 1 0 0 0 0 0 0 0 0 0 0.001 1.53645e-12 3.84112e-06
0.823688 0.753604 0.351267 0 0 0 0 0 0 1 0 0 0 0 0 0 0 0 0 0.001 1.53645e-12 3.84112e-06
0.0984139 0.306384 0.607166 0 0 -0 0 0 0 1 0 0 0 0 0 0 0 0 0 0.001 1.53645e-12 3.84112e-06
0.978799 0.547557 0.208814 -0 -0 0 0 0 0 1 0 0 0 0 0 0 0 0 0 0.001 1.53645e-12 3.84112e-06
0.369608 0.637464 0.478526 0 0 0 0 0 0 1 0 0 0 0 0 0 0 0 0 0.001 1.53645e-12 3.84112e-06
0.375234 0.25082 0.312276 0 -0 0 0 0 0 1 0 0 0 0 0 0 0 0 0 0.001 1.53645e-12 3.84112e-06
0.732756 0.605053 0.113944 -0 0 -0 0 0 0 1 0 0 0 0 0 0 0 0 0 0.001 1.53645e-12 3.84112e-06
0.167787 0.0958676 0.897326 0 0 0 0 0 0 1 0 0 0 0 0 0 0 0 0 0.001 1.53645e-12 3.84112e-06
0.455539 0.716947 0.991046 -0 -0 -0 0 0 0 1 0 0 0 0 0 0 0 0 0 0.001 1.53645e-12 3.84112e-06
0.87795 0.197973 0.325419 0 -0 -0 0 0 0 1 0 0 0 0 0 0 0 0 0 0.001 1.53645e-12 3.84112e-06
0.865873 0.476666 0.113957 -0 -0 -0 0 0 0 1 0 0 0 0 0 0 0 0 0 0.001 1.53645e-12 3.84112e-06
0.42245 0.000478045 0.385134 -0 -0 0 0 0 0 1 0 0 0 0 0 0 0 0 0 0.001 1.53645e-12 3.84112e-06
0.654666 0.306581 0.313929 0 0 -0 0 0 0 1 0 0 0 0 0 0 0 0 0 0.001 1.53645e-12 3.84112e-06
0.17595 0.528595 0.665651 -0 -0 0 0 0 0 1 0 0 0 0 0 0 0 0 0 0.001 1.53645e-12 3.84112e-06
0.0427121 0.523555 0.624881 0 0 -0 0 0 0 1 0 0 0 0 0 0 0 0 0 0.001 1.53645e-12 3.84112e-06
0.235707 0.69926 0.684122 0 0 -0 0 0 0 1 0 0 0 0 0 0 0 0 0 0.001 1.53645e-12 3.84112e-06
0.338844 0.811559 0.6485 0 0 0 0 0 0 1 0 0 0 0 0 0 0 0 0 0.001 1.53645e-12 3.84112e-06
0.735934 0.949336 0.0345283 0 0 0 0 0 0 1 0 0 0 0 0 0 0 0 0 0.001 1.53645e-12 3.84112e-06
0.214018 0.0337324 0.784257 -0 0 0 0 0 0 1 0 0 0 0 0 0 0 0 0 0.001 1.53645e-12 3.84112e-06
0.378806 0.859858 0.526725 0 -0 0 0 0 0 1 0 0 0 0 0 0 0 0 0 0.001 1.53645e-12 3.84112e-06
0.291113 0.0234622 0.271824 0 0 -0 0 0 0 1 0 0 0 0 0 0 0 0 0 0.001 1.53645e-12 3.84112e-06
0.66064 0.449887 0.166672 -0 0 0 0 0 0 1 0 0 0 0 0 0 0 0 0 0.001 1.53645e-12 3.84112e-06
0.494677 0.269925 0.249515 0 -0 -0 0 0 0 1 0 0 0 0 0 0 0 0 0 0.001 1.53645e-12 3.84112e-06
0.139716 0.293943 0.928664 0 -0 0 0 0 0 1 0 0 0 0 0 0 0 0 0 0.001 1.53645e-12 3.84112e-06
0.277967 0.252153 0.958066 0 0 0 0 0 0 1 0 0 0 0 0 0 0 0 0 0.001 1.53645e-12 3.84112e-06
0.26334 0.574154 0.548744 0 -0 0 0 0 0 1 0 0 0 0 0 0 0 0 0 0.001 1.53645e-12 3.84112e-06
0.221314 0.854199 0.707941 -0 -0 0 0 0 0 1 0 0 0 0 0 0 0 0 0 0.001 1.53645e-12 3.84112e-06
0.458723 0.0620899 0.269832 0 0 -0 0 0 0 1 0 0 0 0 0 0 0 0 0 0.001 1.53645e-12 3.84112e-06
0.139832 0.400247 0.769229 -0 -0 0 0 0 0 1 0 0 0 0 0 0 0 0 0 0.001 1.53645e-12 3.84112e-06
0.39943 0.898384 0.297672 -0 -0 -0 0 0 0 1 0 0 0 0 0 0 0 0 0 0.001 1.53645e-12 3.84112e-06
0.324252 0.345828 0.161591 -0 0 0 0 0 0 1 0 0 0 0 0 0 0 0 0 0.001 1.53645e-12 3.84112e-06
0.16345 0.896215 0.263568 -0 -0 -0 0 0 0 1 0 0 0 0 0 0 0 0 0 0.001 1.53645e-12 3.84112e-06
0.403347 0.671401 0.195689 -0 0 -0 0 0 0 1 0 0 0 0 0 0 0 0 0 0.001 1.53645e-12 3.84112e-06
0.377821 0.617717 0.334085 0 0 0 0 0 0 1 0 0 0 0 0 0 0 0 0 0.001 1.53645e-12 3.84112e-06
0.13081 0.0205445 0.338508 -0 -0 0 0 0 0 1 0 0 0 0 0 0 0 0 0 0.001 1.53645e-12 3.84112e-06
0.102847 0.528552 0.317219 -0 -0 -0 0 0 0 1 0 0 0 0 0 0 0 0 0 0.001 1.53645e-12 3.84112e-06
0.218538 0.86904 0.575411 0 -0 -0 0 0 0 1 0 0 0 0 0 0 0 0 0 0.001 1.53645e-12 3.84112e-06
0.334141 0.491741 0.227043 -0 0 0 0 0 0 1 0 0 0 0 0 0 0 0 0 0.001 1.53645e-12 3.84112e-06
0.295611 0.912771 0.824019 -0 -0 -0 0 0 0 1 0 0 0 0 0 0 0 0 0 0.001 1.53645e-12 3.84112e-06
0.150387 0.842163 0.410476 -0 0 -0 0 0 0 1 0 0 0 0 0 0 0 0 0 0.001 1.53645e-12 3.84112e-06
0.131675 0.177266 0.589856 -0 0 -0 0 0 0 1 0 0 0 0 0 0 0 0 0 0.001 1.53645e-12 3.84112e-06
0.120797 0.539703 0.515189 -0 -0 -0 0 0 0 1 0 0 0 0 0 0 0 0 0 0.001 1.53645e-12 3.84112e-06
0.515646 0.211054 0.0551236 -0 -0 0 0 0 0 1 0 0 0 0 0 0 0 0 0 0.001 1.53645e-12 3.84112e-06
0.16221 0.661048 0.561938 0 0 0 0 0 0 1 0 0 0 0 0 0 0 0 0 0.001 1.53645e-12 3.84112e-06
0.111017 0.746484 0.724847 -0 -0 0 0 0 0 1 0 0 0 0 0 0 0 0 0 0.001 1.53645e-12 3.84112e-06
0.0350126 0.0836713 0.995102 0 -0 0 0 0 0 1 0 0 0 0 0 0 0 0 0 0.001 1.53645e-12 3.84112e-06
0.492421 0.782367 0.108456 0 -0 -0 0 0 0 1 0 0 0 0 0 0 0 0 0 0.001 1.53645e-12 3.84112e-06
0.6052 0.207583 0.239477 -0 -0 -0 0 0 0 1 0 0 0 0 0 0 0 0 0 0.001 1.53645e-12 3.84112e-06
0.277292 0.677572 0.854724 0 0 -0 0 0 0 1 0 0 0 0 0 0 0 0 0 0.001 1.53645e-12 3.84112e-06
0.893986 0.463175 0.271751 -0 0 0 0 0 0 1 0 0 0 0 0 0 0 0 0 0.001 1.53645e-12 3.84112e-06
0.933417 0.361707 0.103538 -0 -0 0 0 0 0 1 0 0 0 0 0 0 0 0 0 0.001 1.53645e-12 3.84112e-06
0.421628 0.116511 0.0759906 -0 -0 0 0 0 0 1 0 0 0 0 0 0 0 0 0 0.001 1.53645e-12 3.84112e-06
0.805676 0.158401 0.167871 0 0 -0 0 0 0 1 0 0 0 0 0 0 0 0 0 0.001 1.53645e-12 3.84112e-06
0.607115 0.340903 0.107952 -0 -0 0 0 0 0 1 0 0 0 0 0 0 0 0 0 0.001 1.53645e-12 3.84112e-06
0.276035 0.711018 0.188182 0 0 0 0 0 0 1 0 0 0 0 0 0 0 0 0 0.001 1.53645e-12 3.84112e-06
0.891505 0.607513 0.0624892 0 0 -0 0 0 0 1 0 0 0 0 0 0 0 0 0 0.001 1.53645e-12 3.84112e-06
0.298031 0.753171 0.328854 0 0 -0 0 0 0 1 0 0 0 0 0 0 0 0 0 0.001 1.53645e-12 3.84112e-06
0.203322 0.796109 0.893562 0 0 0 0 0 0 1 0 0 0 0 0 0 0 0 0 0.001 1.53645e-12 3.84112e-06
0.615679 0.891746 0.153862 0 0 -0 0 0 0 1 0 0 0 0 0 0 0 0 0 0.001 1.53645e-12 3.84112e-06
0.17097 0.0812848 0.226035 -0 0 -0 0 0 0 1 0 0 0 0 0 0 0 0 0 0.001 1.53645e-12 3.84112e-06
0.72718 0.261421 0.108098 -0 -0 -0 0 0 0 1 0 0 0 0 0 0 0 0 0 0.001 1.53645e-12 3.84112e-06
0.900743 0.232439 0.0839533 0 -0 -0 0 0 0 1 0 0 0 0 0 0 0 0 0 0.001 1.53645e-12 3.84112e-06
0.382685 0.476591 0.313052 0 0 0 0 0 0 1 0 0 0 0 0 0 0 0 0 0.001 1.53645e-12 3.84112e-06
0.514937 0.790695 0.268758 0 -0 -0 0 0 0 1 0 0 0 0 0 0 0 0 0 0.001 1.53645e-12 3.84112e-06
0.514121 0.480034 0.85787 0 -0 -0 0 0 0 1 0 0 0 0 0 0 0 0 0 0.001 1.53645e-12 3.84112e-06
0.0521937 0.495031 0.861082 -0 -0 -0 0 0 0 1 0 0 0 0 0 0 0 0 0 0.001 1.53645e-12 3.84112e-06
0.122866 0.659451 0.376659 0 0 0 0 0 0 1 0 0 0 0 0 0 0 0 0 0.001 1.53645e-12 3.84112e-06
0.209196 0.278449 0.150233 -0 0 0 0 0 0 1 0 0 0 0 0 0 0 0 0 0.001 1.53645e-12 3.84112e-06
0.381942 0.803005 0.180511 0 0 0 0 0 0 1 0 0 0 0 0 0 0 0 0 0.001 1.53645e-12 3.84112e-06
0.427507 0.421067 0.0881314 -0 -0 0 0 0 0 1 0 0 0 0 0 0 0 0 0 0.001 1.53645e-12 3.84112e-06
0.0578286 0.039518 0.49187 -0 -0 0 0 0 0 1 0 0 0 0 0 0 0 0 0 0.001 1.53645e-12 3.84112e-06
0.999874 0.143271 0.182902 -0 -0 -0 0 0 0 1 0 0 0 0 0 0 0 0 0 0.001 1.53645e-12 3.84112e-06
0.259642 0.969706 0.404275 0 -0 -0 0 0 0 1 0 0 0 0 0 0 0 0 0 0.001 1.53645e-12 3.84112e-06
0.174454 0.762074 0.265629 -0 0 -0 0 0 0 1 0 0 0 0 0 0 0 0 0 0.001 1.53645e-12 3.84112e-06
0.153518 0.763623 0.055236 0 -0 0 0 0 0 1 0 0 0 0 0 0 0 0 0 0.001 1.53645e-12 3.84112e-06
0.702716 0.0912959 0.0941757 0 0 0 0 0 0 1 0 0 0 0 0 0 0 0 0 0.001 1.53645e-12 3.84112e-06
0.331752 0.0180224 0.128643 0 0 0 0 0 0 1 0 0 0 0 0 0 0 0 0 0.001 1.53645e-12 3.84112e-06
0.193207 0.446244 0.229178 0 0 0 0 0 0 1 0 0 0 0 0 0 0 0 0 0.001 1.53645e-12 3.84112e-06
0.85758 0.0658773 0.230789 0 0 -0 0 0 0 1 0 0 0 0 0 0 0 0 0 0.001 1.53645e-12 3.84112e-06
0.301884 0.15636 0.212304 -0 0 -0 0 0 0 1 0 0 0 0 0 0 0 0 0 0.001 1.53645e-12 3.84112e-06
0.331057 0.586088 0.113776 0 0 0 0 0 0 1 0 0 0 0 0 0 0 0 0 0.001 1.53645e-12 3.84112e-06
0.141719 0.18853 0.301451 0 -0 0 0 0 0 1 0 0 0 0 0 0 0 0 0 0.001 1.53645e-12 3.84112e-06
0.0964268 0.900899 0.837726 0 0 -0 0 0 0 1 0 0 0 0 0 0 0 0 0 0.001 1.53645e-12 3.84112e-06
0.982773 0.0200016 0.100197 0 -0 0 0 0 0 1 0 0 0 0 0 0 0 0 0 0.001 1.53645e-12 3.84112e-06
0.850048 0.00727338 0.0899738 -0 0 -0 0 0 0 1 0 0 0 0 0 0 0 0 0 0.001 1.53645e-12 3.84112e-06
0.148289 0.618467 0.858114 -0 0 -0 0 0 0 1 0 0 0 0 0 0 0 0 0 0.001 1.53645e-12 3.84112e-06
0.0373935 0.85277 0.311259 0 -0 0 0 0 0 1 0 0 0 0 0 0 0 0 0 0.001 1.53645e-12 3.84112e-06
0.0895267 0.874444 0.622505 0 -0 0 0 0 0 1 0 0 0 0 0 0 0 0 0 0.001 1.53645e-12 3.84112e-06
0.168551 0.156559 0.0826814 0 -0 -0 0 0 0 1 0 0 0 0 0 0 0 0 0 0.001 1.53645e-12 3.84112e-06
0.105977 0.320285 0.392041 0 -0 0 0 0 0 1 0 0 0 0 0 0 0 0 0 0.001 1.53645e-12 3.84112e-06
0.0674027 0.754799 0.482345 -0 -0 0 0 0 0 1 0 0 0 0 0 0 0 0 0 0.001 1.53645e-12 3.84112e-06
0.159433 0.896825 0.0457743 0 -0 0 0 0 0 1 0 0 0 0 0 0 0 0 0 0.001 1.53645e-12 3.84112e-06
0.0616226 0.983883 0.207344 0 0 -0 0 0 0 1 0 0 0 0 0 0 0 0 0 0.001 1.53645e-12 3.84112e-06
0.266177 0.893759 0.175406 -0 0 -0 0 0 0 1 0 0 0 0 0 0 0 0 0 0.001 1.53645e-12 3.84112e-06
0.480106 0.919399 0.179873 0 0 0 0 0 0 1 0 0 0 0 0 0 0 0 0 0.001 1.53645e-12 3.84112e-06
0.0267791 0.91027 0.0247509 -0 -0 -0 0 0 0 1 0 0 0 0 0 0 0 0 0 0.001 1.53645e-12 3.84112e-06
0.082481 0.319934 0.211545 0 -0 0 0 0 0 1 0 0 0 0 0 0 0 0 0 0.001 1.53645e-12 3.84112e-06
0.408481 0.367795 0.199407 -0 0 -0 0 0 0 1 0 0 0 0 0 0 0 0 0 0.001 1.53645e-12 3.84112e-06
0.215474 0.563526 0.243786 -0 -0 -0 0 0 0 1 0 0 0 0 0 0 0 0 0 0.001 1.53645e-12 3.84112e-06
0.367405 0.240946 0.066076 -0 -0 0 0 0 0 1 0 0 0 0 0 0 0 0 0 0.001 1.53645e-12 3.84112e-06
0.732639 0.481817 0.0349305 0 0 -0 0 0 0 1 0 0 0 0 0 0 0 0 0 0.001 1.53645e-12 3.84112e-06
0.0825169 0.660326 0.236681 0 0 -0 0 0 0 1 0 0 0 0 0 0 0 0 0 0.001 1.53645e-12 3.84112e-06
0.0940524 0.535385 0.0990808 -0 0 0 0 0 0 1 0 0 0 0 0 0 0 0 0 0.001 1.53645e-12 3.84112e-06
0.0837725 0.789308 0.171517 -0 0 0 0 0 0 1 0 0 0 0 0 0 0 0 0 0.001 1.53645e-12 3.84112e-06
0.201698 0.398348 0.066396 -0 0 0 0 0 0 1 0 0 0 0 0 0 0 0 0 0.001 1.53645e-12 3.84112e-06
0.291613 0.578213 0.721433 -0 0 0 0 0 0 1 0 0 0 0 0 0 0 0 0 0.001 1.53645e-12 3.84112e-06
0.0686127 0.390218 0.0461443 0 -0 0 0 0 0 1 0 0 0 0 0 0 0 0 0 0.001 1.53645e-12 3.84112e-06
0.107696 0.638411 0.000277437 -0 0 0 0 0 0 1 0 0 0 0 0 0 0 0 0 0.001 1.53645e-12 3.84112e-06
0.0558216 0.227762 0.0939472 0 0 0 0 0 0 1 0 0 0 0 0 0 0 0 0 0.001 1.53645e-12 3.84112e-06
0.21022 0.642446 0.0891023 0 0 -0 0 0 0 1 0 0 0 0 0 0 0 0 0 0.001 1.53645e-12 3.84112e-06
0.566768 0.0879105 0.0152195 -0 0 0 0 0 0 1 0 0 0 0 0 0 0 0 0 0.001 1.53645e-12 3.84112e-06
Interactions 0
