PBC3D 06-05-2021
t 0
tmax 0.1
dt 1e-06
interVerlet 1e-06
interOut 0.001
interConf 0.001
dVerlet 0.0075
density 970
kn 1e+06
kt 400000
kr 0
dampRate 0.98
mu 0.5
mur 0
fcoh -0.005
fn0 0
ft0 0
mom0 0
dn0 0
dt0 0
drot0 0
powSurf 2
zetaMax 1
permamentGluer 0
numericalDampingCoeff 0
Kratio 1
iconf 0
h 0.0284563 0 0 0 0.0295734 0 0 0 0.0274038
vh -1.47347e-06 0 0 0 3.54995e-06 0 0 0 -6.73085e-07
ah -0.0579539 0 0 0 0.0350081 0 0 0 -2.51455e-06
hmass 0.0130702
hvelGrad -5.17801e-05 0 0 0 0.000120039 0 0 0 -2.45617e-05
hstrain -0.563653 0 0 0 -0.525148 0 0 0 -0.60134
Sig 29999.1 -245.468 -333.026 -245.464 30000.6 -876.878 -333.025 -876.903 30000
enableSwitch 1
Load IsostaticCompression 30000
interVerletC 1e-06
interOutC 0.001
interConfC 0.001
nbBonds 0
nbActiveInteractions 270
nbBondsini 0
porosityini 0
tensfailure 0
fricfailure 0
Particles 125
0.468128 0.578898 0.830613 -0.01608 0.0121177 0.0416614 0.255174 0.0549221 -0.772257 0.840746 0.269703 0.311738 0.351036 0.864227 -0.595675 0.559159 12.7316 11.2532 5.23211 0.00297838 3.80908e-10 0.00010735
0.369522 0.728313 0.732969 -0.000619401 -0.000670669 0.00205325 -0.126458 -0.362349 -0.00155396 0.891325 0.0911378 -0.174738 0.40829 1.51525e-05 -0.0020128 -0.000520177 -51.1368 2.18704 45.8489 0.00290026 3.33509e-10 9.91226e-05
0.739435 0.734137 0.839348 -0.000787994 -0.000691437 0.00172994 0.382375 -1.19098 -1.99918 0.858213 0.0253081 0.511354 -0.0366977 -0.000963811 -0.00598185 0.00336471 -18.5324 -44.0625 -22.7509 0.00290181 3.34397e-10 9.92808e-05
0.691635 0.792748 0.458293 -0.000742501 -0.000654493 0.0018123 -0.305589 -1.25941 -3.33562 0.767636 -0.228287 -0.59402 0.0758938 -0.000653594 0.000630279 0.00297973 -12.7681 -56.8036 49.212 0.0029507 3.63533e-10 0.000104384
0.187787 0.578518 0.433401 -0.000723258 -0.000675165 0.00208318 -0.274272 -0.32363 -0.513299 0.781489 -0.506494 0.207587 -0.299411 1.26952e-05 -0.000347457 -0.000768905 3.52594 114.083 -4.45588 0.00295563 3.66579e-10 0.000104908
0.420777 0.42722 0.694079 -0.000708699 -0.00058177 0.0020697 1.29176 0.585479 0.760169 0.690847 0.307446 -0.501957 0.419818 0.0015031 -0.000742104 4.17547e-06 -191.397 122.404 107.242 0.0029454 3.60281e-10 0.000103823
0.191969 0.423627 0.297689 -0.000665837 -0.000655893 0.00205449 -0.334511 -0.445377 -0.280051 0.368291 -0.476519 -0.727597 -0.328473 -0.00058039 0.0015618 0.00103296 -31.4855 74.9001 -33.7966 0.00294661 3.61023e-10 0.000103951
0.915543 0.492091 0.447188 -0.000760979 -0.000612509 0.00190463 -2.61484 -1.24505 -2.21817 0.976292 -0.103626 0.0458918 -0.184417 -0.00198005 0.00181266 -0.000858166 -95.7262 43.6079 -77.5298 0.00293565 3.54355e-10 0.000102795
0.887054 0.203744 0.21302 -0.000596514 -0.000559271 0.00216598 0.115858 -0.262555 -0.00578892 0.852105 0.336871 -0.312165 -0.250973 0.00288912 0.00114423 -0.000228888 1.82722 -34.8938 61.1345 0.00297599 3.79384e-10 0.000107092
0.590498 0.674963 0.97269 -0.000443884 -0.000597856 0.00211281 1.47165 -1.16415 -0.268792 0.576556 0.555376 0.330772 -0.499731 0.00203102 2.43597e-05 -0.00277623 70.948 -70.2431 -40.8923 0.0029635 3.71488e-10 0.000105749
0.410163 0.250188 0.790386 -0.000667242 -0.000587555 0.0020884 0.241333 0.363194 -0.180423 0.509431 0.517811 0.313401 0.611663 -0.00149353 -0.000482781 0.000820223 -24.8384 9.8496 13.8799 0.00292661 3.48936e-10 0.000101849
0.964663 0.685021 0.0274226 -0.00122696 -0.000634485 0.00279832 -11.8398 2.64705 16.3741 0.600581 0.431617 -0.258825 0.621304 -0.0148144 -0.0184081 -0.00520933 -198.068 -314.156 -56.6696 0.00298417 3.84624e-10 0.000107977
0.036137 0.956175 0.554527 -0.000641055 -0.000317689 0.00225563 0.912715 -0.911797 -1.77387 0.701883 0.555005 0.413807 0.167611 -0.00438469 0.00430436 -0.00217939 -11.2877 -77.4028 -37.8062 0.00295804 3.68079e-10 0.000105165
0.409074 0.918606 0.684311 -0.000659544 -0.000672657 0.00208991 1.68852 0.205366 -0.190627 0.981831 -0.157768 0.00642706 0.105238 -0.00104264 0.000116467 0.00125812 -11.0992 -38.8287 9.8097 0.00299291 3.90294e-10 0.000108929
0.220364 0.874767 0.605986 -0.000608497 -0.000643592 0.0020563 -1.82353 -0.919777 2.0818 0.696219 0.436755 -0.45505 0.342715 0.0010384 0.000647701 -0.00299526 25.8769 -4.14952 0.00305927 0.00292284 3.46693e-10 0.000101455
0.852047 0.545821 0.869914 0.000915861 -0.00370392 -0.000339792 -2.66623 1.35906 -0.750903 0.534851 -0.281732 0.43768 -0.665581 -0.0643065 -0.0326664 0.00378564 -26.8815 -0.210786 34.7067 0.0029741 3.7818e-10 0.000106888
0.0967957 0.401666 0.488744 -0.000737668 -0.000539839 0.00204311 -1.38495 3.26193 -0.340738 0.988983 -0.0791666 0.118097 0.0412108 0.00115182 -0.000247274 0.000470218 -6.10783 -14.5341 25.2296 0.00298794 3.87064e-10 0.000108387
0.567865 0.111765 0.754607 -0.000647071 -0.000525073 0.00196794 -0.555812 1.3794 1.57937 0.853983 0.387796 -0.281017 -0.203363 -0.00158554 0.00030441 -0.000460814 -36.8184 -6.68399 19.3304 0.00290607 3.36861e-10 9.97192e-05
0.725962 0.299541 0.846831 -0.000761491 -0.000632805 0.00211132 1.33134 1.1403 -2.74591 0.403452 0.703619 -0.283457 0.511663 -0.00122474 0.00055465 0.00165872 55.2407 -2.84612 108.947 0.00291527 3.42228e-10 0.000100669
0.131707 0.743608 0.899908 -0.000738252 -0.00082114 0.00207206 -3.37511 -3.98764 0.855024 0.282642 0.179859 -0.829158 0.447506 -0.00135108 -0.00108571 -0.00422443 -35.5217 -48.145 -122.505 0.00291514 3.42151e-10 0.000100656
0.594698 0.296503 0.680826 -0.000704171 -0.000481657 0.00205344 -0.998677 1.0441 -0.721897 0.542905 0.149701 -0.320963 0.761463 0.000547284 -4.86287e-05 -8.25295e-05 29.1498 -10.5181 44.2986 0.00297284 3.77379e-10 0.000106752
0.260503 0.557351 0.810539 -0.000685265 -0.00064743 0.00211833 -1.86352 -1.0581 0.324891 0.483258 -0.796529 0.226365 0.284185 0.000147741 -0.000444316 -0.000613481 -4.55354 15.5182 -43.8816 0.00298303 3.8389e-10 0.000107853
0.967817 0.265452 0.403262 -0.00066895 -0.000552559 0.00185977 3.17754 -1.18791 -1.53016 0.813791 0.24563 -0.158292 -0.502347 -0.00279275 0.000372757 -0.000921892 -2.31975 44.246 -86.5131 0.0029475 3.61568e-10 0.000104045
0.974802 0.754068 0.254532 -0.000626632 -0.000559882 0.002162 -0.168729 0.262611 1.38732 0.888612 0.420587 -0.0376575 -0.179045 -0.000121446 -0.000315958 -0.000674203 -5.86285 -70.583 90.7282 0.00299948 3.94594e-10 0.000109647
0.392462 0.0600541 0.853742 -0.000649624 -0.000650117 0.00201478 -0.104883 0.789419 1.62032 0.675096 0.364269 -0.221604 -0.602034 0.000388393 -0.000914528 -0.000452192 -10.945 -42.585 24.6423 0.00298093 3.8254e-10 0.000107625
0.311266 0.583511 0.259433 -0.000649891 -0.000716075 0.0020677 -1.12957 -0.466363 -0.855156 0.917459 0.290884 0.0610797 0.264432 0.00192393 0.00127945 -0.000685178 -30.7366 59.6875 1.54376 0.00297072 3.76036e-10 0.000106524
0.916753 0.883286 0.0944839 0.00352133 -0.0115123 0.00425489 0 0 0 0.556148 -0.666679 -0.253188 0.426771 -0.717272 -0.195876 0.525159 0 0 0 0.00298776 3.86946e-10 0.000108367
0.185968 0.616013 0.0650792 -0.000713711 -0.000702323 0.00190711 0.0165262 0.375405 2.69484 0.916745 -0.160082 0.360019 0.0658743 -0.00278585 -0.000894958 -0.00120213 -36.8683 -31.402 -48.6952 0.00294681 3.61147e-10 0.000103973
0.783131 0.353598 0.375117 -0.000737693 -0.00067514 0.00212542 2.38153 -4.59566 -2.0114 -0.882597 -0.423481 0.192428 -0.0682491 0.00312883 -0.00373514 0.000865141 17.0355 -26.5702 66.9162 0.00297095 3.76178e-10 0.000106548
0.0752591 0.93245 0.946375 -0.00076162 -0.000742497 0.00203887 0.0883166 -2.42738 -1.65707 0.868197 0.388426 0.302579 0.0616866 -0.00153718 -1.04087e-05 -0.00056482 -40.5089 -4.32183 30.8931 0.00299216 3.89802e-10 0.000108846
0.626583 0.251316 0.472167 -0.000902919 -0.000341273 0.00194385 -0.181463 -4.7489 0.877265 0.683244 -0.0403167 -0.701337 0.199195 -0.000752498 -0.00297266 -0.00452044 10.7283 -13.5007 -10.0353 0.00297053 3.75918e-10 0.000106504
0.0281288 0.257465 0.0454297 -0.000647713 -0.000673343 0.00200882 0.200132 0.525335 -1.36896 0.866669 0.0903638 0.0199812 -0.490225 -0.000263415 1.2125e-05 0.0022248 14.5974 -11.3509 -38.3646 0.0029227 3.46611e-10 0.000101441
0.848956 0.531046 0.649288 -0.000779659 -0.00044625 0.00203011 -0.854919 1.34503 3.19245 0.97442 -0.109349 -0.1548 0.12077 -0.00078489 0.00122641 -0.000775232 38.7849 43.4109 48.7056 0.0029927 3.90154e-10 0.000108905
0.786988 0.678928 0.309936 -0.000658523 -0.000593861 0.0018477 -0.412371 -1.46608 -3.15162 0.973948 0.153595 -0.161093 0.0434003 -0.002119 0.00223147 -0.000648096 47.0867 -53.4582 48.401 0.00298815 3.87197e-10 0.00010841
0.466855 0.468827 0.189305 -0.000575844 -0.000692516 0.00200662 -0.469841 4.78297 -5.68842 0.820402 0.389267 0.0025919 -0.418813 0.00151887 -0.00421374 -0.00167133 0.806213 -11.3994 -59.0919 0.00292962 3.50734e-10 0.000102163
0.542935 0.391435 0.864709 -0.000706246 -0.000471235 0.00208664 0.466423 -0.450308 0.396431 0.878221 0.24629 -0.0822385 -0.40163 0.000209308 0.00073397 0.000286096 -75.98 45.9321 -11.5964 0.00298222 3.83371e-10 0.000107765
0.876983 0.0102041 0.266158 -0.00055956 -0.000603698 0.00195869 0.987125 -0.870913 0.577581 0.987302 0.0543387 0.123676 -0.0835899 -0.00427601 0.00122054 -0.000336058 22.8392 75.8401 32.659 0.00294094 3.57564e-10 0.000103352
0.516814 0.786756 0.344561 -0.000881492 -0.000632163 0.00203554 -2.72626 1.83496 0.842445 0.0577316 0.787056 0.446524 -0.421694 0.000593699 -0.00278913 -0.00269315 -116.822 -54.7447 -28.31 0.00292274 3.46633e-10 0.000101445
0.421759 0.290371 0.321331 -0.00066915 -0.00113848 0.00210604 1.46322 4.11569 -0.582738 -0.765183 -0.603644 0.00391932 0.223816 -0.00548495 -0.000152952 -0.00569645 -14.9483 53.0533 63.0217 0.002975 3.78755e-10 0.000106985
0.317397 0.578828 0.602753 -0.000738765 -0.00063054 0.00207738 0.404656 -0.44808 -0.068759 0.849587 0.471835 -0.229913 -0.0520914 -0.000506921 0.000203318 0.000454029 -64.7058 -46.5624 6.38559 0.00297307 3.77527e-10 0.000106777
0.0681437 0.934693 0.256447 -0.000622167 -0.00068768 0.00196914 3.06237 2.2629 -0.0732626 0.90762 -0.417188 0.0464873 -0.00438874 -0.00144896 0.00216336 0.00163417 -6.73836 33.8551 27.1533 0.00295192 3.64284e-10 0.000104513
0.35735 0.929928 0.23363 -0.000882287 -0.00121244 0.00183841 3.40254 4.81004 6.09776 0.544548 0.331416 0.5875 -0.498472 0.014474 -0.000448413 -0.00453689 -93.6044 -16.9379 73.7138 0.00290087 3.33858e-10 9.91848e-05
0.47172 0.834652 0.00692759 -0.000539263 -0.000656879 0.00193548 1.72925 -1.56651 0.0724231 0.49519 0.294173 0.173309 0.798882 0.00149828 -0.0010209 4.2574e-05 68.1125 -8.76809 -69.7615 0.00291994 3.44977e-10 0.000101154
0.0485297 0.5663 0.273538 -0.000584151 -0.000550213 0.00200324 1.41082 0.55698 -3.11398 0.87762 -0.287574 -0.320911 -0.210004 -0.00186112 0.00149319 -0.000114914 31.6112 19.9603 -37.2639 0.0029649 3.72367e-10 0.000105899
0.124912 0.234136 0.612734 -0.000723098 -0.000610277 0.00220825 0.602481 0.239462 -3.07645 0.791589 -0.00263352 0.51926 0.322101 0.00295026 0.00110262 -0.000917067 -68.2923 -32.5622 -105.444 0.00298967 3.88183e-10 0.000108575
0.761316 0.153413 0.595747 0.434553 0.170543 -0.35233 0.268763 -1.26821 1.61639 0.296774 0.869479 -0.349545 -0.18371 4.75797 -8.70797 1.54136 -0.180733 -21.0538 -17.7952 0.00290751 3.37699e-10 9.98679e-05
0.683807 0.935164 0.743599 -0.000765124 -0.000620528 0.00173642 2.32624 -1.13678 1.19101 0.7615 0.0349121 0.566909 0.31227 0.0028195 -0.00161192 -0.00466433 25.0488 5.7565 -9.73477 0.00295538 3.66428e-10 0.000104882
0.138563 0.422829 0.0686055 -0.000502328 -0.00073792 0.00187645 1.28243 -0.0658796 -0.152236 0.609802 0.0688994 0.388822 -0.687177 0.00194594 0.000141934 -0.00136679 18.2275 -6.50172 -90.0184 0.0029264 3.4881e-10 0.000101827
0.926892 0.327405 0.876115 -0.000699774 -0.000796079 0.00196968 2.20396 -4.32077 -4.20298 0.757435 0.630955 0.135961 -0.0985052 0.00312307 -0.00167956 0.000195818 33.6175 -64.692 -86.5591 0.00291999 3.45005e-10 0.000101159
0.500885 0.10559 0.404883 -0.000621503 -0.000600715 0.00199079 -1.18012 -2.99911 -0.178398 0.505237 -0.659674 0.4251 0.358964 -0.000360646 0.000430637 -0.00103086 -40.5509 18.3738 45.3241 0.00292622 3.487e-10 0.000101807
0.366205 0.516961 0.005373 -0.383274 -0.0734303 -0.0121512 -3.62945 -0.116547 -0.94715 -0.434872 0.674957 0.389035 -0.451631 -2.65892 13.4829 -0.298133 21.8768 -22.7116 -84.035 0.00290016 3.33452e-10 9.91125e-05
0.893579 0.00297561 0.719375 -0.000776617 -0.000618728 0.00201495 1.92706 0.33021 -1.17297 0.129504 0.471807 0.679667 0.546515 -0.00120435 -0.00167051 2.74318e-05 6.51879 33.8069 -108.115 0.00296467 3.72222e-10 0.000105874
0.546559 0.428216 0.410765 -0.000827328 -0.000859197 0.00200457 2.25833 2.8857 -1.17276 0.712905 0.229911 0.157257 -0.643567 0.00399609 -0.00272402 0.0012494 -83.0576 -20.622 19.88 0.00296134 3.70138e-10 0.000105518
0.972886 0.673967 0.763139 -0.000941157 -0.000408692 0.00200753 -0.883594 0.325938 -0.165851 0.963337 0.00292612 0.0821605 0.255388 0.00085307 -0.000311251 -0.00569956 -4.92356 36.7695 -8.45919 0.00292065 3.45399e-10 0.000101228
0.710391 0.147916 0.309437 -0.000631954 -0.000415895 0.00216437 0.718246 -1.94234 -0.313224 0.753511 0.0803233 -0.543952 0.360397 0.00628297 0.00232401 -0.00245297 -49.3631 -23.6619 58.3696 0.00294197 3.5819e-10 0.000103461
0.0917046 0.106306 0.373212 -0.000541065 -0.000492808 0.00213484 2.34481 -2.91346 -2.14592 0.752042 -0.391688 -0.522164 0.0914211 0.000560291 0.0031673 -0.00269597 -49.9654 -24.9602 -30.9496 0.0029572 3.67554e-10 0.000105075
0.063818 0.53371 0.883019 -0.00327948 0.0209352 0.0329721 -0.792076 0.778711 0.707978 0.577277 0.682711 -0.139798 0.425575 0.225928 0.28801 -0.189752 -22.3166 -17.7598 -4.84578 0.00296943 3.75221e-10 0.000106385
0.179453 0.735669 0.299279 -0.000661163 -0.000695802 0.00208027 0.884499 1.78329 1.7265 0.804343 0.0537556 -0.354444 0.473828 0.000289919 -0.000433712 0.00145099 -10.6711 -15.1582 29.1624 0.00297774 3.80503e-10 0.000107281
0.510391 0.667185 0.172522 -0.000680422 -0.00059138 0.0019919 1.15875 3.01002 -0.351924 0.0838817 -0.634104 0.405119 0.653265 -0.00122413 0.00168462 -0.00141522 10.5768 11.4881 -64.2685 0.0029754 3.79006e-10 0.000107028
0.239635 0.928366 0.811841 -0.000723589 -0.00062673 0.00205454 2.7944 -1.46403 1.70613 0.323968 0.068238 0.748259 -0.574888 -0.00165684 0.000566424 0.000860055 49.1142 18.9183 -39.164 0.0029725 3.77162e-10 0.000106715
0.657908 0.592182 0.449973 -0.000635802 -0.000791679 0.00173621 0.509671 -1.2261 -1.59842 0.85992 -0.112353 -0.164941 0.469796 0.000482365 -0.00170882 -0.00115242 28.9924 5.88554 10.7797 0.00291503 3.42088e-10 0.000100645
0.876393 0.679078 0.504652 -0.00111959 -0.000704313 0.00206488 -4.66277 -2.47468 -1.02718 0.404051 0.595755 0.567232 -0.400084 0.000235903 0.0020768 -0.000819206 11.1883 3.32491 107.429 0.00292421 3.47506e-10 0.000101598
0.0116829 0.422317 0.712443 -0.000767388 -0.000648989 0.00199268 2.83016 -3.35331 -2.36851 0.631062 0.313193 -0.449661 -0.549067 -0.00398991 0.000692153 -0.00166503 -70.168 21.643 -49.1875 0.00290093 3.33892e-10 9.91908e-05
0.316597 0.118654 0.287873 -0.000660424 -0.00103149 0.00121074 -0.634615 3.12847 12.2971 -0.545643 0.633904 0.548117 -0.00254461 -0.00698224 -0.00488451 0.00495926 39.9404 42.9817 -10.3861 0.00299031 3.88601e-10 0.000108645
0.698104 0.847563 0.0101923 -0.000640865 -0.000721808 0.00186917 -0.0619585 -1.72777 -1.29457 0.573017 0.183871 0.391302 0.696222 -0.000327476 0.00490561 -0.00173845 27.0438 -48.8822 -17.2947 0.00297746 3.80322e-10 0.00010725
0.325425 0.752756 0.148624 -0.000729488 -0.00069994 0.00204704 -0.26916 0.140291 0.395805 0.492028 0.536427 0.0205857 -0.685369 -0.00239665 -0.000694087 -1.52937e-05 33.5293 35.6321 80.0885 0.00290365 3.35463e-10 9.94706e-05
0.312472 0.342766 0.145947 -0.000565747 -0.000732139 0.00214491 0.78514 1.26156 0.0393063 0.825639 -0.349741 0.364563 0.25119 -0.00163377 0.00229276 0.00175451 -49.5246 -40.3284 -42.7752 0.00295584 3.66712e-10 0.000104931
0.574205 0.00665779 0.574164 -0.000678999 -0.000468552 0.00185992 -0.690849 1.24403 2.59628 0.102309 0.181184 0.17686 -0.961991 0.000472204 -0.00210303 -0.000985058 -1.53128 22.8059 28.5072 0.00294021 3.57121e-10 0.000103276
0.403779 0.112702 0.623333 -0.000747421 -0.00068213 0.00213261 -1.50147 0.345765 2.30708 0.871637 0.350427 0.333185 -0.0802328 -2.18171e-05 -0.00222728 -0.00200362 -33.6599 -16.7457 -44.9303 0.00299065 3.88818e-10 0.000108682
0.421244 0.0431761 0.0679626 -0.000724261 -0.000711369 0.00203466 0.913949 1.39353 0.225742 0.847709 -0.400413 0.311875 -0.154249 -0.000912296 0.00164261 0.000710959 -51.8764 -33.6463 58.1152 0.00296969 3.75381e-10 0.000106412
0.042931 0.580603 0.588097 -0.000720989 -0.000527265 0.00213931 -0.861736 -1.32361 0.349291 0.63586 -0.419661 0.0766383 0.64319 0.00260933 -0.000376037 0.000973035 -18.0556 -15.9886 8.89616 0.00296206 3.70585e-10 0.000105594
0.421983 0.928804 0.456305 -0.000758338 -0.000524723 0.00202994 -1.41357 -1.11099 6.50383 -0.17161 -0.629873 -0.436987 0.618751 0.00190034 0.000549001 0.00101859 1.96604 16.1752 5.61147 0.00293623 3.54705e-10 0.000102856
0.335478 0.20968 0.986256 -0.00063589 -0.000667512 0.0020554 1.16782 1.61164 0.309145 0.730118 0.385188 0.528538 0.198004 -8.73e-05 -0.000598854 6.50196e-05 -61.5651 -69.6046 81.4472 0.00296946 3.7524e-10 0.000106388
0.772474 0.959381 0.552568 -0.000654536 -0.00039099 0.00188261 -0.307368 3.5138 0.241752 0.500799 -0.0700255 -0.844357 -0.177082 -0.00258154 0.00347548 -0.000440975 -50.7395 -62.2195 -92.5325 0.0029047 3.36067e-10 9.95781e-05
0.82789 0.202484 0.00622059 -0.000620868 -0.000718961 0.00216478 0.94146 0.369812 -0.162792 0.90418 -0.190256 0.0613111 0.377494 -0.0013751 -0.000454453 -0.000605703 -26.2915 36.9736 -27.0826 0.00293945 3.56659e-10 0.000103195
0.942577 0.195172 0.705569 -0.000722896 -0.000595411 0.00209596 1.51273 0.00194907 1.14466 0.815674 0.0149428 -0.0699239 0.574076 -0.00132049 -0.000352724 0.000116032 -18.2472 16.3222 -53.0358 0.00290348 3.35362e-10 9.94528e-05
0.215257 0.0774504 0.102651 -0.000628387 -0.000574467 0.00205476 1.14731 0.126622 1.69725 0.622221 0.612141 -0.464704 0.148913 -0.00187211 0.00159132 0.00129411 -2.08003 6.38233 47.3528 0.00290595 3.36789e-10 9.97063e-05
0.902391 0.863934 0.421324 -0.000466077 -0.000344306 0.00204936 -2.4237 -0.308579 0.43209 0.393501 -0.333969 -0.729669 0.448558 0.00359881 -0.00194545 -0.000942239 25.1444 46.1504 110.793 0.0029792 3.81431e-10 0.000107438
0.695826 0.42691 0.558061 -0.00064753 -0.000612357 0.00189635 1.38631 0.270198 0.247648 0.73077 -0.287955 0.502547 -0.361253 0.00176897 0.000705255 0.000522164 -64.974 -4.4769 45.5573 0.0029022 3.34622e-10 9.9321e-05
0.87822 0.340058 0.578386 -0.000704333 -0.000648395 0.00195299 1.55015 -0.937163 -1.15842 0.908989 -0.144657 -0.266749 -0.285758 0.00256608 -0.00182115 0.000697468 -2.23844 -22.9273 13.68 0.00291871 3.44248e-10 0.000101025
0.7555 0.101579 0.838496 -0.000682066 -0.000582149 0.0020896 1.44248 -0.707618 -0.204576 0.79328 -0.514498 -0.0639237 0.319237 0.000450737 0.000719135 0.000800592 -13.0228 5.54465 22.2034 0.00291794 3.438e-10 0.000100947
0.435274 0.292982 0.538332 -0.000857719 -0.000658727 0.00218308 -0.141855 -0.583367 0.965321 0.957394 -0.209473 0.0259265 -0.197093 -0.00114166 0.00100163 0.00179975 -37.7428 -33.8816 15.8151 0.0029005 3.33644e-10 9.91467e-05
0.118146 0.801169 0.104616 -0.000716836 -0.000751905 0.00203879 -1.10189 -0.379176 0.891781 0.891132 -0.164746 0.422761 -0.00398756 0.00118181 -0.00111751 0.00107073 37.4563 -98.3004 98.7391 0.00296135 3.70142e-10 0.000105519
0.746878 0.859386 0.221529 -0.000664081 -0.000559043 0.00191368 0.867332 -0.603304 -1.28829 0.967585 0.159492 -0.177295 -0.0831183 0.00160382 -0.00408834 0.000633329 -28.3992 37.7826 39.6036 0.00299129 3.89234e-10 0.000108751
0.0807521 0.761765 0.491934 0.0485974 -0.0311068 0.0589731 0 0 0 -0.782468 -0.149924 0.28233 -0.534375 -5.65241 -13.7195 -13.1313 0 0 0 0.00299948 3.94597e-10 0.000109648
0.624509 0.338586 0.234346 -0.00065114 -0.000916063 0.00209216 1.10517 -0.407053 0.942937 0.83043 0.453381 -0.293337 0.137057 -0.00211763 0.00372402 -0.00288699 46.4418 -43.7184 36.6005 0.00298544 3.85446e-10 0.000108115
0.555317 0.926969 0.175659 -0.000802942 -0.000763229 0.00211333 1.87259 2.74368 -1.49961 0.963354 0.195121 -0.184017 -0.0037432 -0.0031266 0.00369759 -0.00308478 19.2402 -41.1063 61.1163 0.00295754 3.67769e-10 0.000105112
0.528272 0.578825 0.613913 -0.000967457 -0.000607605 0.00152661 2.40023 1.1871 0.545127 0.75103 -0.428522 0.274985 -0.420365 0.00766168 0.00562928 -0.00534297 -26.1455 19.3387 -7.89213 0.00291262 3.40675e-10 0.000100395
0.575383 0.985574 0.918993 -0.000592695 -0.000695377 0.00180755 0.509471 -0.550289 -0.24024 0.863971 0.183037 -0.127656 -0.451393 -0.000789965 -0.00185455 -4.1288e-05 -10.7162 -59.9564 -3.19126 0.00294967 3.62898e-10 0.000104275
0.70782 0.679672 0.635873 -0.00104562 -0.000675991 0.00176249 -1.19865 1.2135 -2.38299 0.764927 0.251688 0.0419039 0.591425 -2.52297e-05 0.00335965 -0.00360261 -37.7738 0.957377 28.5665 0.00297434 3.78332e-10 0.000106913
0.855273 0.500726 0.242781 -0.00054063 -0.000472741 0.00175537 0.652486 0.0452171 -2.98249 0.843025 -0.0822579 -0.527322 0.0668929 -0.000194335 -6.70743e-05 0.000197643 -20.5268 -39.549 -28.5765 0.00293004 3.50984e-10 0.000102207
0.278107 0.904874 0.0221343 -0.000761212 -0.000648311 0.00208243 1.54819 0.947951 1.3974 0.845285 -0.105856 0.291001 0.435437 0.00128194 -0.00049069 0.000817359 2.08339 2.99446 25.5422 0.00293975 3.56836e-10 0.000103226
0.2245 0.910162 0.395249 -0.00073228 -0.00069776 0.00205893 -0.789539 1.01007 2.86913 0.844689 0.318797 -0.0112975 -0.429816 -0.0002441 -2.61231e-05 -0.00369371 29.9032 190.645 80.2513 0.00295589 3.66745e-10 0.000104936
0.330127 0.7031 0.941331 -0.000654749 -0.000593189 0.00204579 -1.70361 0.12538 0.319878 0.283564 0.652278 0.656858 -0.250324 0.0011703 0.00151031 0.00087597 61.7411 50.0358 9.70278 0.0029681 3.74382e-10 0.000106242
0.945582 0.487859 0.051913 -0.000528375 -0.000793317 0.00176703 0.909702 -0.697197 -2.68141 -0.13747 -0.215665 -0.512548 0.819686 0.00341716 -0.000672428 0.00108459 -26.1577 -9.12282 -52.6836 0.00291012 3.39216e-10 0.000100137
0.779054 0.376821 0.0955771 -0.000665673 -0.000709449 0.00209902 -1.5005 -0.690478 -1.25527 0.497283 -0.0900687 0.861562 0.0480523 0.00396614 -0.00322401 -0.00168604 -38.5264 -34.0675 -60.2249 0.00294025 3.5714e-10 0.000103279
0.214265 0.409692 0.669455 -0.000738162 -0.000582041 0.00210389 2.29663 -0.0378913 -2.48197 0.197614 0.715684 0.642928 0.18812 -0.000487133 0.000965924 0.00054424 27.9374 -19.6951 -76.323 0.00299724 3.93122e-10 0.000109402
0.529531 0.776925 0.592832 -0.000961535 -0.000602063 0.00155535 -0.703661 1.17428 -3.22852 0.693419 0.116582 -0.11049 -0.702403 -0.0076277 0.00229565 0.00412075 -41.1537 -27.1582 -13.9287 0.00297605 3.7942e-10 0.000107098
0.905029 0.084435 0.462565 -0.00060016 -0.000499952 0.00195529 1.90481 0.29678 -0.955043 0.924448 -0.0970166 0.359108 -0.0838113 0.00566567 -0.000314651 -0.00043736 12.6178 41.6571 78.5354 0.00292953 3.50681e-10 0.000102154
0.61501 0.486501 0.0398554 -0.000629495 -0.000614105 0.00218163 -1.85215 -0.456364 1.44618 0.275019 -0.750522 -0.00981132 -0.60082 -0.000348972 0.000384525 0.00344801 -14.5838 11.0879 2.23489 0.00294993 3.63063e-10 0.000104303
0.00690588 0.367271 0.222646 -0.000602411 -0.000539766 0.00190824 0.347909 -0.159367 -1.69434 0.859823 -0.0145791 0.442574 0.254205 0.00162868 0.000865271 0.000935459 -16.1431 -9.91796 -22.9039 0.00295283 3.64849e-10 0.000104611
0.501433 0.311782 0.0600552 -0.000559116 -0.000756541 0.00198759 1.13076 0.952894 0.581373 0.782048 0.111086 0.607637 0.0826965 -0.00271011 -0.00324503 -0.000306748 57.9603 11.3279 28.5309 0.00299051 3.8873e-10 0.000108667
0.670856 0.521217 0.764324 -0.0008018 -0.000542386 0.00195812 -3.51848 3.60246 -0.038898 0.231352 -0.843425 -0.234563 0.424371 0.0030905 -0.000452119 -0.00188846 12.1606 73.1819 90.4423 0.002983 3.83871e-10 0.00010785
0.253136 0.263336 0.44469 -0.000613441 -0.00164219 0.00210816 -1.27835 11.0949 -2.5248 0.845858 0.210808 0.450975 -0.191587 0.0152007 0.0019631 -0.00622933 -157.151 40.9178 12.9252 0.00294907 3.62532e-10 0.000104212
0.545871 0.799802 0.810747 -0.000517103 -0.000756093 0.00196908 0.32828 -1.1866 -0.523735 0.555282 -0.346722 -0.389277 -0.648004 0.000143316 0.000365349 0.00100675 35.6321 -17.8439 -8.30526 0.00294839 3.62115e-10 0.00010414
0.531562 0.160992 0.200745 -0.000559925 -0.000844072 0.00193492 -0.572494 1.09145 1.09505 0.993374 -0.0582709 0.0517962 0.084443 0.00265959 -0.000405256 0.00354035 -56.4183 -64.5142 -72.8528 0.00296849 3.74624e-10 0.000106283
0.157399 0.231396 0.220978 -0.000627551 -0.00056984 0.00207243 0.380584 -0.218235 0.579704 0.447653 -0.757846 -0.319442 0.351045 0.000984992 -0.00157184 -0.000795179 -15.4887 31.0775 82.3159 0.00292582 3.48464e-10 0.000101766
0.744345 0.0281973 0.101853 0.00641385 0.00140826 -0.00382323 3.12492 -2.0728 -1.29477 0.812232 -0.392883 -0.319172 -0.289917 -0.1724 0.107973 -0.178704 21.0394 26.3356 27.9558 0.00295903 3.68696e-10 0.000105271
0.457187 0.607509 0.409659 -0.000645755 -0.000722638 0.00206055 -0.595276 0.499546 -0.743005 0.805427 -0.248224 0.13494 0.521022 -0.00192788 -0.00163285 0.00117879 -85.4407 57.8292 16.1153 0.00292258 3.46539e-10 0.000101428
0.342237 0.445701 0.443575 -0.000727427 -0.000638833 0.00214469 0.26132 -0.863979 -0.680192 0.774647 -0.360597 0.519436 0.0088284 0.00105173 0.000440185 0.00031086 -69.7385 -9.57367 -1.60932 0.00294859 3.62234e-10 0.00010416
0.765016 0.668067 0.0922281 -0.000155458 -0.0208073 0.000412154 -10.9786 -5.99134 19.8386 0.826829 0.0661651 -0.536867 -0.154108 -0.455259 -0.000391428 -0.0574574 21.134 220.126 37.8958 0.00298925 3.87912e-10 0.00010853
0.652729 0.537682 0.244632 -0.000567526 -0.000545294 0.00171829 0.208933 2.21726 -2.63877 0.220406 0.177193 -0.258994 -0.923551 -0.00372708 0.000104091 -0.00090455 -85.5182 12.3636 -9.89394 0.00294049 3.57285e-10 0.000103304
0.329385 0.74788 0.484909 0.003007 0.00246086 0.00180236 -3.84103 0.955961 -4.10093 0.81953 -0.558783 0.118396 0.0459763 -0.214707 0.253254 0.173129 3.41818 45.9259 -52.2276 0.00297159 3.76587e-10 0.000106617
0.645808 0.96859 0.371065 0.000160289 -0.00139469 -0.000371656 -0.0841363 -2.03402 -4.72403 -0.105201 -0.0979131 0.359689 0.921938 0.000329718 0.0924402 -0.0356845 14.4656 -31.531 10.7983 0.00292152 3.45913e-10 0.000101318
0.626515 0.162036 0.00110313 -0.000613206 -0.000716076 0.00183998 0.28782 -1.55167 1.94242 0.920611 -0.130841 -0.073949 0.360399 0.00102878 0.00375492 -4.42571e-05 1.28576 -33.1042 -60.4994 0.00291797 3.43815e-10 0.000100949
0.00812881 0.0659269 0.104344 -0.000627742 -0.000636712 0.00203843 1.01589 0.24311 -0.605698 0.838241 -0.457185 0.0767749 -0.287124 0.000260138 -0.00153018 -0.00202413 41.2671 41.5211 35.9637 0.00299825 3.93783e-10 0.000109512
0.102172 0.0597888 0.72699 -0.0155929 0.00825973 0.00244181 0.511495 0.26069 -2.34484 0.565286 -0.16486 -0.256513 -0.766469 -1.77225 -2.89768 -4.73805 -32.9705 26.7817 -4.25508 0.00297972 3.81766e-10 0.000107495
0.169927 0.702041 0.695411 -0.000603711 -0.000617632 0.00208559 -0.367943 -1.49285 -0.228576 0.943578 0.035985 -0.328737 -0.0172505 -0.000135859 0.00178144 0.00172314 -130.637 -35.4537 -38.646 0.00292545 3.48241e-10 0.000101727
0.256232 0.365881 0.877552 -0.000676312 -0.000656697 0.00210058 -2.25848 -1.20588 -1.40459 0.836571 0.417924 0.344899 -0.0808247 -1.77265e-05 -0.00146243 0.000577785 -5.95388 61.4394 -41.9785 0.00297361 3.77869e-10 0.000106835
0.861379 0.812652 0.662508 -0.00114167 -0.000594676 0.0019685 1.31294 0.608071 -4.0815 0.663654 -0.37929 -0.448902 -0.462806 0.000833081 0.000394722 0.00362066 5.46276 21.9738 -35.5424 0.00295258 3.64697e-10 0.000104584
0.155125 0.191116 0.881088 -0.000679423 -0.000664872 0.00209384 2.2307 -3.69156 -2.86221 0.728508 0.421993 -0.35606 -0.405487 -0.000911665 -0.000563667 -0.000977186 77.5038 31.3052 48.4952 0.00294405 3.59456e-10 0.00010368
0.216049 0.064933 0.541159 -0.000789433 -0.000618677 0.00227355 -0.287798 -1.58283 0.135508 0.873976 -0.14754 -0.310989 -0.34305 -0.00327064 2.02681e-05 0.00164719 79.8133 72.1744 -42.9603 0.00297812 3.80743e-10 0.000107322
0.0539462 0.861003 0.744081 -0.000718588 -0.000694082 0.00203262 3.37745 1.15753 -2.60287 0.844045 0.0985785 0.525957 0.0352176 0.000192177 -0.00073844 -0.00238649 -51.6869 3.91707 56.621 0.00297212 3.76925e-10 0.000106675
0.887513 0.867568 0.879353 -0.000615223 -0.000890707 0.00172052 -1.1016 -0.0307346 -1.31709 0.540956 0.325155 -0.767535 0.111942 -0.00328114 0.00198109 -0.00212855 23.1446 -18.7706 6.57026 0.00297578 3.79252e-10 0.000107069
0.969572 0.100017 0.892622 -0.000700161 -0.000694968 0.00203692 0.480411 -1.2074 0.807902 0.961129 0.00140976 -0.275135 -0.0230105 -0.00043433 0.000375539 0.00085567 -15.7585 0.674147 -28.2866 0.0029945 3.9133e-10 0.000109102
Interactions 270
0 1 0 -0.477315 0.751654 -0.455178 -7.97611e-07 0.0049992 0 -1.16021e-06 4.25167e-07 1.90877e-06 -1.16021e-06 4.25167e-07 1.90877e-06 0 0 0 -1.59715e-07 7.55035e-08 3.02169e-07 0 0 0 0 0 0 0 0 0 14.0706 8.89902 1 0
1 13 0 0.191023 0.95514 -0.226311 0.614392 0.619392 0 0.0542395 -0.0404317 -0.126544 0.0542395 -0.0404317 -0.126544 0 0 0 1.50181e-05 -1.16257e-05 -3.73644e-05 0 0 0 0 0 0 0 0 0 14.1198 8.93015 1 0
1 39 0 -0.252618 -0.752893 -0.607731 0.809705 0.814705 0 0.207643 -0.062489 -0.00990198 0.207643 -0.062489 -0.00990198 0 0 0 -5.14367e-05 2.30845e-05 -6.96569e-06 0 0 0 0 0 0 0 0 0 14.0525 8.88758 1 0
1 93 0 -0.19109 -0.127101 0.973309 0.920831 0.925831 0 0.300704 -0.129011 0.0426088 0.300704 -0.129011 0.0426088 0 0 0 -2.39731e-06 1.09645e-06 -3.31053e-07 0 0 0 0 0 0 0 0 0 14.0355 8.87683 1 0
1 104 0 0.858157 0.36154 0.364492 0.475566 0.480566 0 -0.02359 0.0557063 -0.0217071 -0.02359 0.0557063 -0.0217071 0 0 0 9.05758e-07 -9.11994e-06 7.30912e-06 0 0 0 0 0 0 0 0 0 13.9676 8.8339 1 0
1 117 0 -0.97518 -0.133399 -0.176715 0.704228 0.709228 0 0.0027867 0.238062 -0.198473 0.0027867 0.238062 -0.198473 0 0 0 8.31896e-05 -0.000337145 -0.000273728 0 0 0 0 0 0 0 0 0 13.8875 8.78325 1 0
2 9 0 -0.72285 -0.298463 0.623223 1.0505 1.0555 0 0.175323 0.0161804 0.209522 0.175323 0.0161804 0.209522 0 0 0 -5.09178e-05 3.76875e-05 -4.12801e-05 0 0 0 0 0 0 0 0 0 14.0255 8.8705 1 0
2 64 0 -0.200082 0.570641 0.796452 0.479172 0.484172 0 0.0161595 -0.0104539 0.0116112 0.0161595 -0.0104539 0.0116112 0 0 0 2.02207e-05 -4.79453e-05 3.97803e-05 0 0 0 0 0 0 0 0 0 14.0733 8.90072 1 0
2 89 0 -0.153175 -0.27424 -0.949384 1.42625 1.43125 0 0.287128 0.0203812 -0.0518413 0.287128 0.0203812 -0.0518413 0 0 0 -1.2062e-05 6.02104e-05 -3.05861e-05 0 0 0 0 0 0 0 0 0 14.0626 8.89398 1 0
2 123 0 0.717099 0.671537 0.186567 0.728161 0.733161 0 0.07292 -0.0838556 0.0125861 0.07292 -0.0838556 0.0125861 0 0 0 -1.7383e-06 2.44968e-06 -1.85184e-06 0 0 0 0 0 0 0 0 0 14.0676 8.8971 1 0
3 33 0 0.457202 -0.567174 -0.685039 2.03938 2.04438 0 0.106312 0.453457 -0.305383 0.106312 0.453457 -0.305383 0 0 0 -5.13272e-06 -1.36645e-06 -2.03094e-06 0 0 0 0 0 0 0 0 0 14.2932 9.03978 1 0
3 37 0 -0.847039 -0.0301747 -0.530673 0.155532 0.160532 0 0.00878092 -0.0425744 -0.0116003 0.00878092 -0.0425744 -0.0116003 0 0 0 -2.33089e-05 0.00014481 2.90851e-05 0 0 0 0 0 0 0 0 0 14.0584 8.8913 1 0
3 89 0 0.0777653 -0.56463 0.821672 1.25903 1.26403 0 0.107242 0.371428 0.247063 0.107242 0.371428 0.247063 0 0 0 2.22399e-05 -3.02524e-05 -2.33638e-05 0 0 0 0 0 0 0 0 0 14.2443 9.0089 1 0
3 97 0 -0.778711 -0.0789961 0.622389 1.49393 1.49893 0 -0.012297 0.135658 0.00160996 -0.012297 0.135658 0.00160996 0 0 0 -3.12741e-05 2.62963e-05 -3.58265e-05 0 0 0 0 0 0 0 0 0 14.2504 9.01274 1 0
3 113 0 -0.222158 0.8859 -0.40722 1.10689 1.11189 0 0.30063 0.0917178 0.0343459 0.30063 0.0917178 0.0343459 0 0 0 -0.000192387 -8.00274e-05 -6.45498e-05 0 0 0 0 0 0 0 0 0 14.0539 8.88847 1 0
4 6 0 0.0201638 -0.776184 -0.630183 0.375767 0.380767 0 -0.0852366 -0.0427821 0.0499574 -0.0852366 -0.0427821 0.0499574 0 0 0 -1.6082e-05 1.99923e-05 -2.50809e-05 0 0 0 0 0 0 0 0 0 14.1628 8.95732 1 0
4 25 0 0.593118 0.0249255 -0.80473 1.06571 1.07071 0 0.182489 0.456901 0.148727 0.182489 0.456901 0.148727 0 0 0 -8.14467e-05 -4.10717e-05 -6.2784e-05 0 0 0 0 0 0 0 0 0 14.2495 9.01216 1 0
4 39 0 0.622171 0.00154882 0.78288 0.350657 0.355657 0 -0.114886 0.0238712 0.0912883 -0.114886 0.0238712 0.0912883 0 0 0 5.31074e-05 7.51585e-05 -4.19526e-05 0 0 0 0 0 0 0 0 0 14.2579 9.01746 1 0
4 43 0 -0.669582 -0.0610532 -0.740225 1.13364 1.13864 0 -0.184253 0.182967 0.156048 -0.184253 0.182967 0.156048 0 0 0 4.54404e-06 -1.03665e-05 -3.40654e-06 0 0 0 0 0 0 0 0 0 14.2287 8.99899 1 0
4 57 0 -0.0399953 0.783732 -0.61981 1.70602 1.71102 0 0.199604 -0.192923 -0.257293 0.199604 -0.192923 -0.257293 0 0 0 -1.08138e-05 2.27858e-05 2.92209e-05 0 0 0 0 0 0 0 0 0 14.2745 9.02797 1 0
4 70 0 -0.697088 0.0104286 0.71691 2.20376 2.20876 0 0.447322 -0.312036 0.386677 0.447322 -0.312036 0.386677 0 0 0 -1.51026e-05 1.92469e-05 -1.30498e-05 0 0 0 0 0 0 0 0 0 14.2184 8.99253 1 0
4 109 0 0.744798 -0.665615 0.0472504 1.57639 1.58139 0 -0.113464 -0.0930042 0.486667 -0.113464 -0.0930042 0.486667 0 0 0 -1.20826e-08 -2.53853e-07 -3.38454e-06 0 0 0 0 0 0 0 0 0 14.1699 8.96184 1 0
5 10 0 -0.0514512 -0.891776 0.449543 0.594453 0.599453 0 -0.0141542 -0.0168962 -0.0350553 -0.0141542 -0.0168962 -0.0350553 0 0 0 -2.6795e-07 6.45884e-07 1.31021e-06 0 0 0 0 0 0 0 0 0 14.0538 8.8884 1 0
5 35 0 0.587007 -0.178713 0.78961 2.89572 2.90072 0 0.182102 0.372978 -0.0557213 0.182102 0.372978 -0.0557213 0 0 0 8.29478e-06 -1.33744e-05 -9.07498e-06 0 0 0 0 0 0 0 0 0 14.2527 9.01418 1 0
5 39 0 -0.497118 0.757642 -0.422909 0.34233 0.34733 0 0.0965616 0.0233648 -0.071631 0.0965616 0.0233648 -0.071631 0 0 0 2.73508e-06 1.40443e-05 2.17761e-05 0 0 0 0 0 0 0 0 0 14.2204 8.99379 1 0
5 81 0 0.0705928 -0.679366 -0.730396 1.19481 1.19981 0 -0.151324 0.215694 -0.215377 -0.151324 0.215694 -0.215377 0 0 0 8.05075e-05 -0.000108793 0.000109001 0 0 0 0 0 0 0 0 0 13.9581 8.82788 1 0
5 87 0 0.522418 0.76571 -0.37519 1.36278 1.36778 0 -0.0898814 0.0185693 -0.0831305 -0.0898814 0.0185693 -0.0831305 0 0 0 2.27518e-06 -6.19137e-06 -9.23469e-06 0 0 0 0 0 0 0 0 0 14.0027 8.85609 1 0
5 96 0 -0.989679 -0.0872989 -0.113639 2.37441 2.37941 0 0.0312702 0.150051 -0.294224 0.0312702 0.150051 -0.294224 0 0 0 -4.79371e-07 -1.32869e-06 3.76012e-06 0 0 0 0 0 0 0 0 0 14.3053 9.04745 1 0
6 16 0 -0.456684 -0.109517 0.882862 2.11747 2.12247 0 -0.0746414 -0.423626 -0.0910687 -0.0746414 -0.423626 -0.0910687 0 0 0 1.58678e-05 3.54518e-06 8.64554e-06 0 0 0 0 0 0 0 0 0 14.2773 9.02974 1 0
6 25 0 0.573981 0.799454 -0.177257 1.45342 1.45842 0 0.0577504 -0.0859512 -0.204301 0.0577504 -0.0859512 -0.204301 0 0 0 -2.66348e-05 2.95524e-05 4.80377e-05 0 0 0 0 0 0 0 0 0 14.2165 8.99133 1 0
6 43 0 -0.690917 0.714201 -0.112027 1.88607 1.89107 0 0.166912 0.172307 0.065815 0.166912 0.172307 0.065815 0 0 0 -8.40546e-06 -1.4257e-05 -4.71109e-05 0 0 0 0 0 0 0 0 0 14.1959 8.97825 1 0
6 66 0 0.581545 -0.405552 -0.705218 2.97394 2.97894 0 -0.0753841 -0.167297 0.0164268 -0.0753841 -0.167297 0.0164268 0 0 0 -6.70642e-05 -3.54625e-05 -3.43524e-05 0 0 0 0 0 0 0 0 0 14.1635 8.95781 1 0
6 100 0 -0.89348 -0.282769 -0.348905 2.69385 2.69885 0 0.154853 -0.371024 -0.0539119 0.154853 -0.371024 -0.0539119 0 0 0 -9.26856e-06 2.20475e-05 6.82719e-06 0 0 0 0 0 0 0 0 0 14.1528 8.951 1 0
6 109 0 0.725974 0.110829 0.678733 2.51855 2.52355 0 -0.0222327 -0.0472317 0.00744025 -0.0222327 -0.0472317 0.00744025 0 0 0 1.19267e-06 2.413e-05 -2.15256e-06 0 0 0 0 0 0 0 0 0 14.1375 8.94136 1 0
7 16 0 0.871193 -0.451689 0.192352 1.59721 1.60221 0 -0.109684 -0.14218 0.158805 -0.109684 -0.14218 0.158805 0 0 0 -6.23686e-06 9.06805e-06 5.40321e-05 0 0 0 0 0 0 0 0 0 14.2365 9.00393 1 0
7 28 0 -0.638057 -0.693562 -0.334447 0.627768 0.632768 0 0.0835117 -0.0281936 -0.0995361 0.0835117 -0.0281936 -0.0995361 0 0 0 -3.05735e-05 1.53725e-05 2.58677e-05 0 0 0 0 0 0 0 0 0 14.177 8.96635 1 0
7 61 0 -0.19022 0.944203 0.26888 1.6142 1.6192 0 -0.0780725 -0.0487815 0.104247 -0.0780725 -0.0487815 0.104247 0 0 0 3.76018e-07 3.58821e-07 -9.36695e-07 0 0 0 0 0 0 0 0 0 14.0104 8.86098 1 0
7 79 0 -0.181424 -0.768041 0.614165 0.170847 0.175847 0 -0.0219917 0.0313465 0.0327474 -0.0219917 0.0313465 0.0327474 0 0 0 5.30292e-06 -5.96137e-06 -5.90525e-06 0 0 0 0 0 0 0 0 0 13.9905 8.84837 1 0
7 90 0 -0.292484 0.043548 -0.955278 0.949257 0.954257 0 -0.248995 -0.0896018 0.0743217 -0.248995 -0.0896018 0.0743217 0 0 0 2.98097e-05 -1.6376e-05 -1.41151e-05 0 0 0 0 0 0 0 0 0 14.0315 8.87428 1 0
8 36 0 -0.0484676 -0.967987 0.246276 2.00495 2.00995 0 0.325553 -0.0291523 -0.0583575 0.325553 -0.0291523 -0.0583575 0 0 0 -0.00011558 -1.11192e-05 -2.22049e-05 0 0 0 0 0 0 0 0 0 14.2143 8.98992 1 0
8 54 0 -0.849995 -0.279154 0.446745 1.78612 1.79112 0 0.022534 0.317301 0.241958 0.022534 0.317301 0.241958 0 0 0 1.97427e-05 -3.19899e-05 2.28394e-05 0 0 0 0 0 0 0 0 0 14.2181 8.99233 1 0
8 74 0 -0.284776 -0.00630141 -0.958573 1.71459 1.71959 0 0.21747 0.0506435 -0.0653769 0.21747 0.0506435 -0.0653769 0 0 0 3.03071e-05 2.60665e-05 -7.43925e-06 0 0 0 0 0 0 0 0 0 14.2088 8.98644 1 0
8 100 0 0.575758 0.816406 0.044536 2.61676 2.62176 0 0.0314657 -0.0249583 0.117085 0.0314657 -0.0249583 0.117085 0 0 0 -3.23192e-06 2.24035e-06 4.68769e-06 0 0 0 0 0 0 0 0 0 14.258 9.01757 1 0
9 42 0 -0.574558 0.802774 0.15949 0.340088 0.345088 0 -0.0618123 -0.0257683 -0.0922077 -0.0618123 -0.0257683 -0.0922077 0 0 0 1.40884e-06 6.66798e-07 1.705e-06 0 0 0 0 0 0 0 0 0 14.093 8.91317 1 0
9 58 0 -0.384012 -0.038754 0.922515 1.38421 1.38921 0 -0.174191 0.364157 -0.0783989 -0.174191 0.364157 -0.0783989 0 0 0 5.32315e-06 -5.8611e-05 2.62561e-06 0 0 0 0 0 0 0 0 0 14.2949 9.04088 1 0
9 99 0 0.118012 -0.942925 0.311393 1.29971 1.30471 0 0.186466 -0.0924248 -0.342662 0.186466 -0.0924248 -0.342662 0 0 0 -8.21024e-06 1.5936e-05 6.57971e-05 0 0 0 0 0 0 0 0 0 14.203 8.98275 1 0
9 104 0 -0.214847 0.624604 -0.750807 0.551733 0.556733 0 0.156934 0.118217 0.0557101 0.156934 0.118217 0.0557101 0 0 0 -2.01533e-05 -1.27602e-05 -4.86117e-06 0 0 0 0 0 0 0 0 0 14.1974 8.97921 1 0
9 110 0 0.834263 -0.0342592 0.550301 0.000623054 0.00562305 0 0.000157783 3.43013e-05 -0.000237065 0.000157783 3.43013e-05 -0.000237065 0 0 0 2.07075e-06 7.15314e-07 -3.10754e-06 0 0 0 0 0 0 0 0 0 14.3443 9.07213 1 0
10 24 0 -0.0852812 -0.952007 0.293956 0.582241 0.587241 0 0.0145257 0.00909927 0.0339735 0.0145257 0.00909927 0.0339735 0 0 0 -2.60938e-07 4.58955e-08 4.05342e-08 0 0 0 0 0 0 0 0 0 14.1784 8.96718 1 0
10 72 0 -0.360458 -0.203179 0.910378 0.02846 0.03346 0 0.000646936 0.00396476 0.00114113 0.000646936 0.00396476 0.00114113 0 0 0 5.0176e-06 2.84815e-07 2.05051e-06 0 0 0 0 0 0 0 0 0 14.1385 8.94194 1 0
11 82 0 0.734599 0.577731 0.355796 0.000551152 0.00555115 0 0.000167878 -9.86729e-05 -0.000186392 0.000167878 -9.86729e-05 -0.000186392 0 0 0 7.00383e-08 5.3112e-08 -2.30826e-07 0 0 0 0 0 0 0 0 0 14.3183 9.0557 1 0
11 94 0 -0.0921196 -0.989217 0.113862 0.000176476 0.00517648 0 0.000191362 -2.1439e-05 -3.14496e-05 0.000191362 -2.1439e-05 -3.14496e-05 0 0 0 -3.81343e-06 1.44904e-07 -1.82844e-06 0 0 0 0 0 0 0 0 0 14.1276 8.93508 1 0
11 110 0 -0.951087 -0.0839316 0.297304 0.000665465 0.00566546 0 -7.85644e-05 2.36678e-05 -0.000244646 -7.85644e-05 2.36678e-05 -0.000244646 0 0 0 -5.15286e-07 5.52733e-07 -1.48958e-06 0 0 0 0 0 0 0 0 0 14.4198 9.11991 1 0
12 77 0 -0.641024 -0.459452 -0.61481 -0.000516258 0.00448374 0 -0.000139412 5.45605e-05 0.000104575 -0.000139412 5.45605e-05 0.000104575 0 0 0 -1.26941e-07 1.62807e-07 1.06843e-08 0 0 0 0 0 0 0 0 0 14.2885 9.03683 1 0
12 98 0 -0.633735 0.644307 -0.428075 0.23504 0.24004 0 0.0516964 -0.000418233 -0.0757764 0.0516964 -0.000418233 -0.0757764 0 0 0 2.29768e-06 2.75636e-05 3.5745e-05 0 0 0 0 0 0 0 0 0 14.1091 8.92339 1 0
12 116 0 0.316467 0.516058 0.795948 -4.49231e-06 0.00499551 0 2.98629e-06 3.14703e-06 -3.33174e-06 2.98629e-06 3.14703e-06 -3.33174e-06 0 0 0 7.76564e-08 -2.30886e-09 -2.95043e-08 0 0 0 0 0 0 0 0 0 14.2904 9.03801 1 0
12 122 0 0.0854654 -0.474651 0.876015 0.234373 0.239373 0 0.0770297 -0.0400638 -0.0293334 0.0770297 -0.0400638 -0.0293334 0 0 0 -2.17752e-05 2.00747e-05 1.31729e-05 0 0 0 0 0 0 0 0 0 14.2633 9.02088 1 0
13 59 0 -0.808728 0.0484097 0.586187 1.71816 1.72316 0 0.0722238 -0.198619 0.116018 0.0722238 -0.198619 0.116018 0 0 0 -1.29301e-06 1.84557e-06 -1.93561e-06 0 0 0 0 0 0 0 0 0 14.3904 9.10127 1 0
13 68 0 -0.0251967 0.959838 -0.279422 1.64701 1.65201 0 0.398735 -0.0306194 -0.157794 0.398735 -0.0306194 -0.157794 0 0 0 -4.6861e-05 2.44663e-06 1.5679e-05 0 0 0 0 0 0 0 0 0 14.4566 9.14316 1 0
13 97 0 0.574575 -0.702343 -0.420211 1.60034 1.60534 0 0.212148 0.235595 -0.0982837 0.212148 0.235595 -0.0982837 0 0 0 -1.06075e-06 -1.17797e-06 4.91418e-07 0 0 0 0 0 0 0 0 0 14.4034 9.1095 1 0
14 59 0 0.0931785 0.26933 0.95853 5.00966 5.01466 0 -0.147808 -0.048313 0.0145423 -0.147808 -0.048313 0.0145423 0 0 0 4.08955e-07 8.72845e-07 -2.44828e-07 0 0 0 0 0 0 0 0 0 14.135 8.93977 1 0
14 92 0 0.0200503 0.178314 -0.983769 4.23194 4.23694 0 -0.443393 -0.252024 -0.0163701 -0.443393 -0.252024 -0.0163701 0 0 0 -4.38093e-06 -8.27131e-06 -2.56962e-07 0 0 0 0 0 0 0 0 0 14.077 8.90307 1 0
14 112 0 0.526545 -0.636885 -0.56314 1.26264 1.26764 0 0.0675722 -0.0548308 0.126321 0.0675722 -0.0548308 0.126321 0 0 0 2.56982e-06 3.43924e-05 -3.70287e-05 0 0 0 0 0 0 0 0 0 14.1319 8.93777 1 0
14 117 0 -0.245572 -0.874004 0.419299 1.89669 1.90169 0 -0.197031 -0.155788 -0.433813 -0.197031 -0.155788 -0.433813 0 0 0 -3.14519e-05 4.56214e-05 8.04552e-05 0 0 0 0 0 0 0 0 0 13.9691 8.83483 1 0
14 121 0 -0.0208146 0.95335 -0.30115 0.953561 0.958561 0 -0.0101972 -0.0401145 -0.126414 -0.0101972 -0.0401145 -0.126414 0 0 0 6.90426e-06 3.27891e-06 9.68509e-06 0 0 0 0 0 0 0 0 0 14.1545 8.95212 1 0
15 53 0 0.583339 0.6429 -0.496382 -2.02444e-06 0.00499798 0 -1.58651e-06 -3.63826e-07 -2.37093e-06 -1.58651e-06 -3.63826e-07 -2.37093e-06 0 0 0 -2.83401e-09 1.85881e-07 2.47e-07 0 0 0 0 0 0 0 0 0 14.1325 8.93816 1 0
15 102 0 -0.865529 -0.122142 -0.485738 -1.08266e-05 0.00498917 0 1.50641e-06 -3.95308e-06 -1.69336e-06 1.50641e-06 -3.95308e-06 -1.69336e-06 0 0 0 1.70294e-09 -2.33639e-09 -2.44596e-09 0 0 0 0 0 0 0 0 0 14.3607 9.08252 1 0
16 22 0 -0.618749 -0.679111 -0.394915 1.85043 1.85543 0 -0.104063 -0.224713 0.556722 -0.104063 -0.224713 0.556722 0 0 0 7.74068e-06 -2.21518e-05 2.64644e-05 0 0 0 0 0 0 0 0 0 14.2806 9.03182 1 0
16 96 0 0.559034 0.0396956 0.828194 2.83864 2.84364 0 -0.0977304 -0.150477 0.0674911 -0.0977304 -0.150477 0.0674911 0 0 0 -2.31027e-06 1.49827e-05 1.0743e-06 0 0 0 0 0 0 0 0 0 14.4624 9.1468 1 0
17 20 0 0.129962 0.929883 -0.344133 1.79868 1.80368 0 0.309053 -0.0364125 0.018322 0.309053 -0.0364125 0.018322 0 0 0 -8.13795e-06 -4.81674e-07 -5.27233e-06 0 0 0 0 0 0 0 0 0 14.0736 8.9009 1 0
17 24 0 -0.848154 -0.25986 0.461635 1.03067 1.03567 0 0.233132 -0.120475 0.358508 0.233132 -0.120475 0.358508 0 0 0 5.68848e-06 1.98477e-05 2.34186e-05 0 0 0 0 0 0 0 0 0 14.1012 8.91838 1 0
17 67 0 0.030875 -0.531941 -0.846218 1.41789 1.42289 0 -0.143463 -0.0828589 0.0450972 -0.143463 -0.0828589 0.0450972 0 0 0 4.45465e-05 -1.65881e-05 1.17526e-05 0 0 0 0 0 0 0 0 0 13.9605 8.82942 1 0
17 68 0 -0.792153 0.00470447 -0.610304 1.14077 1.14577 0 -0.0321396 0.095001 0.0422924 -0.0321396 0.095001 0.0422924 0 0 0 1.60698e-07 -4.75005e-07 -2.11463e-07 0 0 0 0 0 0 0 0 0 14.1343 8.93931 1 0
17 80 0 0.917256 -0.0517477 0.394923 1.46193 1.46693 0 -0.138646 0.397543 0.377128 -0.138646 0.397543 0.377128 0 0 0 4.13644e-06 -1.06881e-05 -1.09557e-05 0 0 0 0 0 0 0 0 0 13.8821 8.77981 1 0
17 88 0 0.0365464 -0.637521 0.769565 1.00733 1.01233 0 -0.105418 -0.190814 -0.154655 -0.105418 -0.190814 -0.154655 0 0 0 5.27087e-07 9.54072e-07 7.73272e-07 0 0 0 0 0 0 0 0 0 13.9935 8.85027 1 0
18 20 0 -0.634512 -0.015259 -0.772763 0.592788 0.597788 0 0.0453193 -0.176711 -0.0344621 0.0453193 -0.176711 -0.0344621 0 0 0 5.15064e-07 1.94758e-06 -4.50912e-07 0 0 0 0 0 0 0 0 0 14.108 8.92269 1 0
18 35 0 -0.883501 0.460998 0.0831086 1.2048 1.2098 0 -0.105011 -0.221635 0.130864 -0.105011 -0.221635 0.130864 0 0 0 5.18366e-06 8.97862e-06 4.16118e-06 0 0 0 0 0 0 0 0 0 14.1403 8.94311 1 0
18 48 0 0.98036 0.14129 0.137594 1.4862 1.4912 0 0.0432492 -0.358007 0.0570683 0.0432492 -0.358007 0.0570683 0 0 0 -1.02815e-06 1.1884e-05 -4.40022e-06 0 0 0 0 0 0 0 0 0 13.9224 8.80533 1 0
19 82 0 -0.0656859 0.289747 0.954847 0.711316 0.716316 0 -0.274299 0.0383679 -0.0305463 -0.274299 0.0383679 -0.0305463 0 0 0 5.064e-05 -9.3191e-06 6.44321e-06 0 0 0 0 0 0 0 0 0 14.0677 8.8972 1 0
19 93 0 0.959839 -0.203647 0.192968 0.339695 0.344695 0 0.0160986 -0.0557793 -0.138956 0.0160986 -0.0557793 -0.138956 0 0 0 -1.8172e-06 6.16473e-06 1.55877e-05 0 0 0 0 0 0 0 0 0 14.0911 8.91201 1 0
19 117 0 0.186251 -0.210514 -0.959685 0.571803 0.576803 0 -0.127618 0.000872179 -0.0264971 -0.127618 0.000872179 -0.0264971 0 0 0 8.36967e-07 1.1883e-07 1.47224e-07 0 0 0 0 0 0 0 0 0 13.9414 8.81733 1 0
20 30 0 0.152705 -0.224907 -0.96234 0.772244 0.777244 0 -0.319214 -0.0834291 -0.0310719 -0.319214 -0.0834291 -0.0310719 0 0 0 4.14616e-05 9.49763e-06 4.15637e-06 0 0 0 0 0 0 0 0 0 14.3112 9.05121 1 0
20 35 0 -0.247415 0.471562 0.846413 0.776221 0.781221 0 -0.182988 -0.0512674 -0.0245609 -0.182988 -0.0512674 -0.0245609 0 0 0 4.81872e-05 8.14789e-05 -2.89966e-05 0 0 0 0 0 0 0 0 0 14.3533 9.07783 1 0
20 78 0 0.490136 0.656846 -0.572992 1.84717 1.85217 0 -0.117037 0.179419 0.106999 -0.117037 0.179419 0.106999 0 0 0 1.40685e-06 -4.26751e-06 -3.70348e-06 0 0 0 0 0 0 0 0 0 14.059 8.89169 1 0
21 39 0 0.271926 0.106679 -0.956387 1.14623 1.15123 0 -0.229173 -0.445932 -0.11423 -0.229173 -0.445932 -0.11423 0 0 0 1.87186e-06 3.43795e-06 9.10221e-07 0 0 0 0 0 0 0 0 0 14.3571 9.08021 1 0
21 93 0 0.33323 0.724949 0.602832 2.7539 2.7589 0 -0.425985 0.124957 0.0670599 -0.425985 0.124957 0.0670599 0 0 0 1.65982e-05 -1.83681e-05 1.52903e-05 0 0 0 0 0 0 0 0 0 14.3389 9.06874 1 0
21 96 0 -0.220067 -0.73036 -0.646641 0.658623 0.663623 0 -0.107265 -0.031794 0.0724987 -0.107265 -0.031794 0.0724987 0 0 0 1.15469e-06 3.77363e-07 -8.20946e-07 0 0 0 0 0 0 0 0 0 14.4444 9.13545 1 0
21 117 0 -0.436252 0.724243 -0.534 0.153808 0.158808 0 -0.0193446 0.00145743 0.0177839 -0.0193446 0.00145743 0.0177839 0 0 0 4.75093e-06 -3.31396e-05 -4.93442e-05 0 0 0 0 0 0 0 0 0 14.1813 8.96903 1 0
21 118 0 -0.0204102 -0.951027 0.308433 1.30289 1.30789 0 -0.208965 -0.158675 -0.500841 -0.208965 -0.158675 -0.500841 0 0 0 1.3204e-06 3.72173e-06 1.09742e-05 0 0 0 0 0 0 0 0 0 14.359 9.08145 1 0
22 28 0 -0.88821 0.440558 -0.130352 0.747859 0.752859 0 0.0448783 0.0534377 -0.122011 0.0448783 0.0534377 -0.122011 0 0 0 -7.37263e-08 2.76463e-06 9.59656e-06 0 0 0 0 0 0 0 0 0 14.2206 8.99389 1 0
22 79 0 -0.434707 0.376184 0.818239 0.545966 0.550966 0 -0.00950028 -0.126377 0.0527948 -0.00950028 -0.126377 0.0527948 0 0 0 -4.48678e-05 0.000240945 -0.000133123 0 0 0 0 0 0 0 0 0 14.0323 8.87483 1 0
22 98 0 -0.304231 -0.911522 0.276714 2.05413 2.05913 0 -0.00156933 -0.161481 -0.556713 -0.00156933 -0.161481 -0.556713 0 0 0 2.09936e-05 -2.33541e-06 1.59879e-05 0 0 0 0 0 0 0 0 0 14.0718 8.89982 1 0
22 100 0 0.188549 0.510415 -0.839003 0.482951 0.487951 0 0.152627 -0.155914 -0.0605648 0.152627 -0.155914 -0.0605648 0 0 0 -8.73392e-05 1.69831e-06 -1.83062e-05 0 0 0 0 0 0 0 0 0 14.156 8.95303 1 0
23 33 0 -0.89315 -0.371354 0.253732 1.86511 1.87011 0 -0.320521 0.717514 -0.0825645 -0.320521 0.717514 -0.0825645 0 0 0 7.60607e-05 -0.000154424 3.72826e-05 0 0 0 0 0 0 0 0 0 14.4712 9.15238 1 0
23 43 0 0.352083 -0.931879 0.0874088 2.75196 2.75696 0 -0.117999 -0.0291508 0.199024 -0.117999 -0.0291508 0.199024 0 0 0 -2.5496e-05 -9.13021e-06 2.54262e-06 0 0 0 0 0 0 0 0 0 14.3857 9.0983 1 0
23 57 0 0.974477 -0.0910489 0.205192 0.543085 0.548085 0 0.0102889 0.119603 0.0042508 0.0102889 0.119603 0.0042508 0 0 0 -1.98977e-05 -4.85604e-06 9.20377e-05 0 0 0 0 0 0 0 0 0 14.433 9.12826 1 0
23 77 0 -0.344892 0.54383 0.765048 2.09726 2.10226 0 -0.324086 -0.0394927 -0.124025 -0.324086 -0.0394927 -0.124025 0 0 0 2.7735e-05 1.04303e-07 1.3324e-05 0 0 0 0 0 0 0 0 0 14.4384 9.13163 1 0
23 82 0 0.685028 0.233928 -0.689938 3.12989 3.13489 0 -0.500741 0.665354 -0.266984 -0.500741 0.665354 -0.266984 0 0 0 3.40133e-06 -7.04188e-06 7.80652e-07 0 0 0 0 0 0 0 0 0 14.3725 9.08998 1 0
24 59 0 -0.73095 -0.654573 -0.192993 1.89118 1.89618 0 -0.108883 0.200386 -0.25166 -0.108883 0.200386 -0.25166 0 0 0 1.49401e-05 -1.26798e-05 -1.61e-05 0 0 0 0 0 0 0 0 0 14.3474 9.0741 1 0
24 69 0 0.137691 -0.083913 0.986914 1.15474 1.15974 0 -0.532617 0.109146 0.0835609 -0.532617 0.109146 0.0835609 0 0 0 9.66834e-05 -3.215e-05 -1.60479e-05 0 0 0 0 0 0 0 0 0 14.3372 9.06762 1 0
24 72 0 -0.272554 0.743752 0.610367 0.437507 0.442507 0 0.131766 0.0541539 -0.00733023 0.131766 0.0541539 -0.00733023 0 0 0 3.56065e-05 1.90969e-05 -6.89545e-06 0 0 0 0 0 0 0 0 0 14.3364 9.06711 1 0
24 88 0 0.87805 -0.371548 0.30163 1.19186 1.19686 0 0.129665 0.155056 -0.186336 0.129665 0.155056 -0.186336 0 0 0 -8.08572e-06 -1.26985e-05 7.93783e-06 0 0 0 0 0 0 0 0 0 14.2639 9.02126 1 0
25 34 0 0.750544 -0.574938 -0.325775 0.647953 0.652953 0 0.0730955 0.109607 0.107143 0.0730955 0.109607 0.107143 0 0 0 6.22548e-05 -1.51248e-05 0.00012539 0 0 0 0 0 0 0 0 0 14.154 8.95177 1 0
25 65 0 0.0686613 0.85294 -0.517474 3.12188 3.12688 0 -0.273222 -0.32928 -0.573787 -0.273222 -0.32928 -0.573787 0 0 0 3.9371e-06 5.34795e-06 9.44126e-06 0 0 0 0 0 0 0 0 0 14.0572 8.89056 1 0
25 108 0 0.704972 0.120493 0.698925 1.57352 1.57852 0 0.0967358 -0.700713 0.0226344 0.0967358 -0.700713 0.0226344 0 0 0 -2.60517e-05 -2.14894e-05 3.08807e-05 0 0 0 0 0 0 0 0 0 14.1279 8.93526 1 0
27 47 0 -0.229767 -0.973107 0.0164595 1.10712 1.11212 0 -0.036262 0.013131 0.135607 -0.036262 0.013131 0.135607 0 0 0 6.42853e-06 -1.77783e-06 -2.58935e-06 0 0 0 0 0 0 0 0 0 14.0581 8.89109 1 0
27 82 0 -0.326773 0.927128 0.183447 1.036 1.041 0 -0.221018 -0.129101 0.253789 -0.221018 -0.129101 0.253789 0 0 0 4.98115e-05 3.03168e-05 -6.00058e-05 0 0 0 0 0 0 0 0 0 14.184 8.97073 1 0
27 93 0 0.69379 0.435569 -0.573529 1.03396 1.03896 0 0.132849 -0.217555 -0.00467305 0.132849 -0.217555 -0.00467305 0 0 0 -1.17105e-05 -1.60115e-06 -1.35597e-05 0 0 0 0 0 0 0 0 0 14.208 8.98592 1 0
28 85 0 -0.758082 -0.0745583 -0.647884 1.059 1.064 0 -0.133614 -0.0017046 0.157129 -0.133614 -0.0017046 0.157129 0 0 0 5.0161e-06 -2.41202e-06 -5.63803e-06 0 0 0 0 0 0 0 0 0 14.358 9.08078 1 0
29 59 0 0.785216 -0.0202747 -0.61889 3.81937 3.82437 0 -0.227933 -0.0169123 -0.288837 -0.227933 -0.0169123 -0.288837 0 0 0 -3.28952e-05 -6.36605e-06 -3.64498e-05 0 0 0 0 0 0 0 0 0 14.3877 9.09955 1 0
29 82 0 0.205214 -0.652834 0.729174 3.24758 3.25258 0 -0.942526 0.401187 0.610568 -0.942526 0.401187 0.610568 0 0 0 1.60273e-05 -2.19326e-05 -2.01036e-05 0 0 0 0 0 0 0 0 0 14.3467 9.07362 1 0
29 122 0 -0.101699 -0.354301 -0.929585 0.348022 0.353022 0 0.122178 -0.0833395 0.0183954 0.122178 -0.0833395 0.0183954 0 0 0 -2.49012e-05 2.35623e-05 -6.32487e-06 0 0 0 0 0 0 0 0 0 14.3863 9.09869 1 0
29 123 0 -0.895442 -0.321593 -0.307833 0.76828 0.77328 0 0.0387538 -0.0641319 -0.0405756 0.0387538 -0.0641319 -0.0405756 0 0 0 1.42682e-07 1.32344e-05 -1.52397e-05 0 0 0 0 0 0 0 0 0 14.3997 9.10716 1 0
29 124 0 -0.502839 0.82855 -0.246288 2.84275 2.84775 0 -0.50316 -0.02421 0.956327 -0.50316 -0.02421 0.956327 0 0 0 4.14371e-06 -3.88284e-06 -2.02108e-05 0 0 0 0 0 0 0 0 0 14.4678 9.15023 1 0
30 45 0 0.652259 -0.492567 0.576139 4.83773e-06 0.00500484 0 -2.39166e-06 -1.36267e-06 1.63648e-06 -2.39166e-06 -1.36267e-06 1.63648e-06 0 0 0 3.06284e-08 9.15566e-09 -2.07183e-08 0 0 0 0 0 0 0 0 0 14.0711 8.89932 1 0
30 49 0 -0.606634 -0.730895 -0.312711 0.204447 0.209447 0 0.0183701 -0.00357369 -0.0269798 0.0183701 -0.00357369 -0.0269798 0 0 0 -1.23991e-06 -5.35955e-07 3.62441e-06 0 0 0 0 0 0 0 0 0 14.1407 8.94338 1 0
30 54 0 0.403548 -0.517434 -0.754593 1.39411 1.39911 0 0.339565 0.192579 0.0505958 0.339565 0.192579 0.0505958 0 0 0 -1.63659e-05 1.30582e-06 -9.65642e-06 0 0 0 0 0 0 0 0 0 14.1989 8.98016 1 0
30 81 0 -0.927613 0.209963 0.30895 1.11264 1.11764 0 0.0343067 0.191077 -0.0256871 0.0343067 0.191077 -0.0256871 0 0 0 -3.85129e-06 -6.19313e-06 -7.23417e-06 0 0 0 0 0 0 0 0 0 14.0447 8.88266 1 0
31 47 0 0.537406 0.836301 0.108609 0.728003 0.733003 0 -0.0413343 0.0304137 -0.0272375 -0.0413343 0.0304137 -0.0272375 0 0 0 2.16444e-05 -1.2887e-05 -6.82767e-06 0 0 0 0 0 0 0 0 0 13.972 8.83669 1 0
31 48 0 -0.49329 0.354171 -0.794498 1.33432 1.33932 0 0.200327 -0.0888467 -0.162593 0.200327 -0.0888467 -0.162593 0 0 0 -7.35383e-05 4.99061e-05 6.25497e-05 0 0 0 0 0 0 0 0 0 13.9491 8.82217 1 0
31 100 0 -0.102827 0.552905 0.826875 1.15227 1.15727 0 0.264625 0.0901081 -0.0264344 0.264625 0.0901081 -0.0264344 0 0 0 -8.07951e-05 6.25464e-06 -1.54439e-05 0 0 0 0 0 0 0 0 0 14.0658 8.89597 1 0
31 115 0 -0.096178 -0.957242 0.272834 1.74703 1.75203 0 0.129867 -0.077853 -0.232111 0.129867 -0.077853 -0.232111 0 0 0 -8.50592e-05 2.45401e-05 6.62623e-05 0 0 0 0 0 0 0 0 0 14.2233 8.99561 1 0
32 70 0 0.927365 0.246225 -0.281722 1.29534 1.30034 0 0.124843 -0.126613 0.334408 0.124843 -0.126613 0.334408 0 0 0 -1.50481e-05 1.72922e-05 -3.87615e-05 0 0 0 0 0 0 0 0 0 14.3512 9.07647 1 0
32 78 0 -0.739496 -0.522637 -0.42426 1.17996 1.18496 0 0.0909492 -0.340871 0.256986 0.0909492 -0.340871 0.256986 0 0 0 -7.11157e-06 -1.30422e-06 1.35244e-05 0 0 0 0 0 0 0 0 0 14.1265 8.93435 1 0
32 89 0 -0.673264 0.73683 -0.0616258 0.880438 0.885438 0 0.0955062 0.114568 0.308311 0.0955062 0.114568 0.308311 0 0 0 6.027e-06 7.0057e-08 -6.2948e-05 0 0 0 0 0 0 0 0 0 14.3963 9.10503 1 0
32 102 0 -0.848129 -0.0486435 0.527552 0.0505367 0.0555367 0 -0.00434869 0.00438089 -0.00658462 -0.00434869 0.00438089 -0.00658462 0 0 0 -7.78861e-07 -1.68403e-06 -1.40774e-06 0 0 0 0 0 0 0 0 0 14.428 9.12505 1 0
33 60 0 -0.622658 -0.434872 0.650526 2.01061 2.01561 0 -0.0652135 0.160209 0.047256 -0.0652135 0.160209 0.047256 0 0 0 -5.02381e-05 4.43063e-05 -1.41857e-05 0 0 0 0 0 0 0 0 0 14.1598 8.95543 1 0
33 61 0 0.430377 0.000751719 0.902649 0.456083 0.461083 0 0.0393246 -0.212831 -0.0186011 0.0393246 -0.212831 -0.0186011 0 0 0 -0.000112419 0.00032621 5.67337e-05 0 0 0 0 0 0 0 0 0 14.1943 8.97729 1 0
33 83 0 -0.191153 0.893774 -0.405745 4.20475 4.20975 0 -0.516019 -0.209847 -0.277128 -0.516019 -0.209847 -0.277128 0 0 0 -0.000115214 0.000106392 0.000168836 0 0 0 0 0 0 0 0 0 14.4416 9.13369 1 0
33 90 0 0.328751 -0.891617 -0.311356 3.76087 3.76587 0 0.217285 0.0533254 0.0941074 0.217285 0.0533254 0.0941074 0 0 0 -3.5274e-05 -2.3914e-05 3.56433e-05 0 0 0 0 0 0 0 0 0 14.2162 8.99113 1 0
34 66 0 -0.746752 -0.633696 -0.201968 1.20827 1.21327 0 -0.00786301 0.037943 -0.0914772 -0.00786301 0.037943 -0.0914772 0 0 0 7.18252e-06 -2.83343e-05 6.5876e-05 0 0 0 0 0 0 0 0 0 14.1017 8.91869 1 0
34 111 0 0.901532 0.34707 0.258423 1.54539 1.55039 0 0.0763318 -0.0715699 -0.167785 0.0763318 -0.0715699 -0.167785 0 0 0 -3.81659e-07 3.5785e-07 8.38927e-07 0 0 0 0 0 0 0 0 0 14.0472 8.88424 1 0
35 99 0 0.345955 0.47422 0.809587 1.79378 1.79878 0 0.692221 -0.330774 -0.0993858 0.692221 -0.330774 -0.0993858 0 0 0 -0.000146649 0.000164387 -3.91295e-05 0 0 0 0 0 0 0 0 0 14.2694 9.02476 1 0
35 101 0 -0.197931 -0.394795 0.897196 3.04716 3.05216 0 -0.985418 0.115298 -0.193547 -0.985418 0.115298 -0.193547 0 0 0 2.83752e-06 1.50624e-06 1.21826e-06 0 0 0 0 0 0 0 0 0 14.4173 9.11828 1 0
35 102 0 0.610526 0.643723 -0.461387 1.43193 1.43693 0 -0.261054 0.150086 -0.138311 -0.261054 0.150086 -0.138311 0 0 0 -9.18818e-06 9.88762e-06 1.10251e-06 0 0 0 0 0 0 0 0 0 14.3902 9.10113 1 0
36 40 0 0.924136 -0.379378 -0.0452129 3.27957 3.28457 0 0.216694 0.709664 0.396474 0.216694 0.709664 0.396474 0 0 0 -2.31898e-06 -1.1844e-05 -1.20232e-05 0 0 0 0 0 0 0 0 0 14.129 8.93593 1 0
36 83 0 -0.624945 -0.752878 -0.206445 4.00085 4.00585 0 -0.725786 0.640192 -0.112203 -0.725786 0.640192 -0.112203 0 0 0 0.000276274 -0.000223568 -1.74567e-05 0 0 0 0 0 0 0 0 0 14.2679 9.02378 1 0
36 98 0 0.136023 0.374151 0.917338 1.57935 1.58435 0 0.196819 0.216535 -0.114946 0.196819 0.216535 -0.114946 0 0 0 -0.000112183 6.36044e-05 -8.9241e-06 0 0 0 0 0 0 0 0 0 14.0485 8.88507 1 0
36 107 0 -0.639795 0.0901999 -0.763234 0.301818 0.306818 0 -0.0115379 0.101903 0.0218806 -0.0115379 0.101903 0.0218806 0 0 0 -7.31366e-07 -5.78119e-06 -8.46428e-08 0 0 0 0 0 0 0 0 0 14.1543 8.95197 1 0
37 58 0 -0.0310009 -0.599736 -0.799597 1.00099 1.00599 0 0.204778 0.0796676 -0.065816 0.204778 0.0796676 -0.065816 0 0 0 -4.26184e-05 -2.30149e-05 1.9781e-05 0 0 0 0 0 0 0 0 0 14.1447 8.94592 1 0
37 71 0 -0.460724 0.717215 0.522816 0.884202 0.889202 0 0.18125 0.0548434 0.10031 0.18125 0.0548434 0.10031 0 0 0 -2.7959e-06 -1.63071e-06 -4.02924e-07 0 0 0 0 0 0 0 0 0 14.0072 8.85892 1 0
37 108 0 -0.290307 -0.906952 0.30522 0.279979 0.284979 0 0.0107034 0.0383124 0.124028 0.0107034 0.0383124 0.124028 0 0 0 8.29156e-06 -7.47082e-05 -0.000212579 0 0 0 0 0 0 0 0 0 13.9585 8.82812 1 0
38 52 0 0.598267 0.686742 0.412871 0.131355 0.136355 0 0.00289928 -0.0142671 0.0194525 0.00289928 -0.0142671 0.0194525 0 0 0 -2.83653e-06 2.78697e-06 -5.00584e-07 0 0 0 0 0 0 0 0 0 14.2856 9.035 1 0
38 63 0 -0.501659 -0.851301 -0.153701 0.00978335 0.0147834 0 0.00311625 -0.00169585 -0.000778421 0.00311625 -0.00169585 -0.000778421 0 0 0 7.67109e-06 -4.96684e-07 -2.24025e-05 0 0 0 0 0 0 0 0 0 14.3902 9.10118 1 0
38 66 0 -0.524384 0.261273 -0.810406 0.119136 0.124136 0 0.00444542 -0.012198 -0.0068075 0.00444542 -0.012198 -0.0068075 0 0 0 -2.05257e-06 -9.23096e-06 -1.64589e-06 0 0 0 0 0 0 0 0 0 14.2655 9.02231 1 0
38 103 0 -0.810017 -0.134966 0.570664 0.113081 0.118081 0 0.0133176 -0.000106923 0.0188945 0.0133176 -0.000106923 0.0188945 0 0 0 -2.48063e-07 1.8578e-06 1.25228e-07 0 0 0 0 0 0 0 0 0 14.2407 9.00663 1 0
38 105 0 0.525738 -0.64378 -0.55601 0.103117 0.108117 0 0.00239775 -0.00310389 0.00586271 0.00239775 -0.00310389 0.00586271 0 0 0 6.63314e-06 1.60091e-05 -1.2295e-05 0 0 0 0 0 0 0 0 0 14.3115 9.05142 1 0
39 109 0 0.119437 -0.665216 -0.737036 1.62399 1.62899 0 -0.078686 0.391681 -0.36611 -0.078686 0.391681 -0.36611 0 0 0 2.40495e-05 -2.91583e-05 2.89056e-05 0 0 0 0 0 0 0 0 0 14.2321 9.00117 1 0
40 82 0 0.240755 -0.668137 -0.70401 1.59025 1.59525 0 -0.440167 -0.223738 0.0682976 -0.440167 -0.223738 0.0682976 0 0 0 2.00889e-05 1.55371e-05 -7.8639e-06 0 0 0 0 0 0 0 0 0 14.2025 8.98243 1 0
40 92 0 0.754328 -0.122991 0.644874 4.69737 4.70237 0 0.101701 -0.232967 -0.264487 0.101701 -0.232967 -0.264487 0 0 0 -1.75015e-05 -7.27334e-06 1.99968e-05 0 0 0 0 0 0 0 0 0 14.1829 8.97004 1 0
40 115 0 -0.287227 0.652733 -0.701028 2.16207 2.16707 0 0.280707 0.151153 0.0503991 0.280707 0.151153 0.0503991 0 0 0 -1.11623e-05 -4.20204e-06 6.19547e-07 0 0 0 0 0 0 0 0 0 14.3331 9.06504 1 0
41 63 0 -0.196854 0.947407 0.252325 0.0355319 0.0405319 0 -0.00677484 0.000622062 -0.00761118 -0.00677484 0.000622062 -0.00761118 0 0 0 1.29363e-07 7.76805e-10 1.0891e-07 0 0 0 0 0 0 0 0 0 14.1133 8.92606 1 0
41 86 0 0.962355 -0.0149453 -0.271385 2.29926 2.30426 0 -0.235856 0.120221 -0.63587 -0.235856 0.120221 -0.63587 0 0 0 1.6489e-05 1.34792e-05 3.95795e-05 0 0 0 0 0 0 0 0 0 14.0015 8.85531 1 0
41 92 0 -0.645972 -0.0998823 0.756798 2.23432 2.23932 0 -0.519783 0.103012 -0.432442 -0.519783 0.103012 -0.432442 0 0 0 1.91409e-05 1.76452e-06 1.68363e-05 0 0 0 0 0 0 0 0 0 13.9958 8.85171 1 0
42 86 0 0.405048 0.464858 0.787301 2.19604 2.20104 0 0.0237019 0.0832619 -0.0579356 0.0237019 0.0832619 -0.0579356 0 0 0 7.86157e-05 -2.4551e-05 -2.48656e-05 0 0 0 0 0 0 0 0 0 14.0721 8.9 1 0
42 88 0 0.502732 0.760659 -0.410681 0.962477 0.967477 0 0.00262137 0.0122669 0.0286804 0.00262137 0.0122669 0.0286804 0 0 0 -1.40171e-05 -1.53287e-06 -2.04899e-05 0 0 0 0 0 0 0 0 0 14.0445 8.88253 1 0
42 93 0 -0.684972 -0.661381 -0.305596 2.8696 2.8746 0 -0.249182 0.125773 0.291091 -0.249182 0.125773 0.291091 0 0 0 1.59191e-06 -6.58912e-07 -2.05761e-06 0 0 0 0 0 0 0 0 0 14.109 8.9233 1 0
42 104 0 0.359675 -0.175677 -0.916391 0.863981 0.868981 0 0.247114 0.322665 0.0352051 0.247114 0.322665 0.0352051 0 0 0 -7.63567e-06 -8.01917e-06 -1.46662e-06 0 0 0 0 0 0 0 0 0 14.04 8.8797 1 0
43 90 0 -0.933383 -0.329138 -0.143057 1.51953 1.52453 0 0.189691 -0.460414 -0.171617 0.189691 -0.460414 -0.171617 0 0 0 -4.45384e-06 8.17179e-06 1.05191e-05 0 0 0 0 0 0 0 0 0 14.1351 8.93985 1 0
44 75 0 -0.880544 -0.195554 0.431741 0.334809 0.339809 0 0.0031999 -0.104531 -0.0415468 0.0031999 -0.104531 -0.0415468 0 0 0 -9.23005e-07 -1.87905e-05 -9.48407e-06 0 0 0 0 0 0 0 0 0 14.1211 8.93097 1 0
44 96 0 0.424744 0.867278 0.259656 0.298106 0.303106 0 0.06368 -0.0111093 -0.0669618 0.06368 -0.0111093 -0.0669618 0 0 0 -2.22189e-05 6.77804e-06 1.3873e-05 0 0 0 0 0 0 0 0 0 14.4687 9.15078 1 0
44 103 0 0.614426 0.145415 -0.775458 0.11651 0.12151 0 0.0170145 0.00051688 0.0135703 0.0170145 0.00051688 0.0135703 0 0 0 8.85753e-06 8.57479e-06 8.62226e-06 0 0 0 0 0 0 0 0 0 14.2925 9.03935 1 0
44 121 0 0.434585 -0.838513 -0.328682 0.0971386 0.102139 0 -0.0295027 -0.0134351 -0.00473237 -0.0295027 -0.0134351 -0.00473237 0 0 0 1.79723e-06 2.4626e-06 -3.9381e-06 0 0 0 0 0 0 0 0 0 14.3993 9.10693 1 0
46 73 0 0.430918 0.122314 -0.894063 2.40897 2.41397 0 0.400604 0.33766 0.23735 0.400604 0.33766 0.23735 0 0 0 -1.28604e-06 -1.05531e-06 -7.61594e-07 0 0 0 0 0 0 0 0 0 14.0083 8.8596 1 0
46 88 0 -0.522686 0.252553 0.814258 1.07297 1.07797 0 0.102927 -0.0419275 0.0793077 0.102927 -0.0419275 0.0793077 0 0 0 -6.03056e-05 -6.47675e-05 -1.79852e-05 0 0 0 0 0 0 0 0 0 14.173 8.96376 1 0
46 104 0 -0.665205 -0.678418 0.311851 1.54086 1.54586 0 0.044209 0.183987 0.48292 0.044209 0.183987 0.48292 0 0 0 1.3368e-06 -1.01444e-06 6.20814e-07 0 0 0 0 0 0 0 0 0 14.1684 8.96085 1 0
47 66 0 0.841457 -0.402591 0.360377 0.495632 0.500632 0 0.040974 -0.042233 -0.143019 0.040974 -0.042233 -0.143019 0 0 0 4.77304e-06 2.76039e-05 1.97443e-05 0 0 0 0 0 0 0 0 0 14.0899 8.91124 1 0
47 94 0 -0.940895 0.329506 -0.0783753 0.00230537 0.00730537 0 -8.72155e-05 8.18266e-05 0.00139092 -8.72155e-05 8.18266e-05 0.00139092 0 0 0 4.41167e-08 1.43803e-07 7.49567e-08 0 0 0 0 0 0 0 0 0 13.9267 8.80801 1 0
47 100 0 -0.637334 -0.279508 0.718109 0.425398 0.430398 0 -0.125396 -0.0651395 -0.136627 -0.125396 -0.0651395 -0.136627 0 0 0 7.89722e-06 1.28734e-05 1.20157e-05 0 0 0 0 0 0 0 0 0 14.0793 8.90454 1 0
48 62 0 0.414911 0.482669 -0.771284 2.81148 2.81648 0 0.10373 0.043083 0.0811743 0.10373 0.043083 0.0811743 0 0 0 1.7797e-06 -6.80353e-07 5.43898e-07 0 0 0 0 0 0 0 0 0 13.8707 8.77263 1 0
48 74 0 -0.481058 -0.630823 0.608807 1.52908 1.53408 0 0.507701 -0.199798 0.195226 0.507701 -0.199798 0.195226 0 0 0 -9.60603e-05 7.10571e-05 -3.60293e-06 0 0 0 0 0 0 0 0 0 14.0086 8.85984 1 0
49 71 0 -0.383033 -0.891904 0.2404 0.332242 0.337242 0 -0.015072 0.0248137 0.0663811 -0.015072 0.0248137 0.0663811 0 0 0 -3.16163e-06 -6.31095e-06 -2.74748e-05 0 0 0 0 0 0 0 0 0 14.0197 8.86686 1 0
49 105 0 0.148107 0.277976 -0.949101 0.263758 0.268758 0 -0.00238342 0.0452023 0.0131689 -0.00238342 0.0452023 0.0131689 0 0 0 1.10669e-06 -3.11154e-06 -7.73084e-07 0 0 0 0 0 0 0 0 0 14.1335 8.93884 1 0
50 93 0 -0.174949 0.938057 -0.299067 -2.31782e-06 0.00499768 0 9.83093e-06 2.51585e-06 1.87934e-06 9.83093e-06 2.51585e-06 1.87934e-06 0 0 0 -1.32855e-05 -2.177e-06 1.11039e-06 0 0 0 0 0 0 0 0 0 14.0351 8.87659 1 0
51 73 0 -0.587287 -0.219704 -0.778989 0.666753 0.671753 0 0.196348 -0.130306 -0.111253 0.196348 -0.130306 -0.111253 0 0 0 -0.000132526 5.4027e-05 8.30242e-05 0 0 0 0 0 0 0 0 0 14.0403 8.87989 1 0
51 75 0 0.237749 0.969182 -0.0645114 1.7557 1.7607 0 -0.299133 0.0364911 -0.561838 -0.299133 0.0364911 -0.561838 0 0 0 2.67545e-05 -4.43778e-06 3.12024e-05 0 0 0 0 0 0 0 0 0 14.0358 8.877 1 0
51 80 0 -0.668006 0.495753 0.554975 0.288438 0.293438 0 0.00225814 0.0131126 -0.00898532 0.00225814 0.0131126 -0.00898532 0 0 0 1.35802e-05 -1.02162e-05 2.47719e-05 0 0 0 0 0 0 0 0 0 14.0896 8.91108 1 0
51 119 0 -0.155 -0.952096 -0.263608 2.77107 2.77607 0 -0.314582 0.177074 -0.350793 -0.314582 0.177074 -0.350793 0 0 0 5.1062e-06 -4.06934e-06 9.27702e-06 0 0 0 0 0 0 0 0 0 14.2168 8.99147 1 0
51 123 0 -0.0290591 -0.674135 0.738037 0.156684 0.161684 0 0.0586619 0.0116999 0.0129982 0.0586619 0.0116999 0.0129982 0 0 0 2.753e-06 -9.02778e-06 -8.13477e-06 0 0 0 0 0 0 0 0 0 14.3005 9.04442 1 0
51 124 0 0.363186 0.481986 0.797362 2.48356 2.48856 0 0.0553531 -0.259261 0.126999 0.0553531 -0.259261 0.126999 0 0 0 -6.77248e-06 -3.03126e-05 2.14617e-05 0 0 0 0 0 0 0 0 0 14.3672 9.08661 1 0
52 78 0 0.724876 -0.0065922 0.688848 1.8824 1.8874 0 0.131373 -0.601893 -0.143364 0.131373 -0.601893 -0.143364 0 0 0 2.2299e-05 8.40053e-05 -2.16379e-05 0 0 0 0 0 0 0 0 0 14.0195 8.86673 1 0
52 85 0 0.373241 -0.446015 -0.813487 1.89378 1.89878 0 0.50138 0.080131 0.184049 0.50138 0.080131 0.184049 0 0 0 1.93797e-05 -3.19895e-05 2.36661e-05 0 0 0 0 0 0 0 0 0 14.3228 9.05854 1 0
52 108 0 -0.432461 0.901638 -0.00515346 1.57909 1.58409 0 -0.0991844 -0.0500734 -0.528485 -0.0991844 -0.0500734 -0.528485 0 0 0 -3.86441e-05 -1.84796e-05 2.9268e-05 0 0 0 0 0 0 0 0 0 14.0952 8.91456 1 0
52 109 0 -0.984458 0.0875532 0.152241 1.94316 1.94816 0 0.0724207 -0.0890691 0.517679 0.0724207 -0.0890691 0.517679 0 0 0 -9.48553e-06 0.000234026 -2.94623e-05 0 0 0 0 0 0 0 0 0 14.1904 8.97477 1 0
53 56 0 0.439315 -0.704215 0.557748 -1.64675e-06 0.00499835 0 -1.67443e-06 1.29029e-06 2.98248e-06 -1.67443e-06 1.29029e-06 2.98248e-06 0 0 0 -2.23156e-08 -5.15262e-08 -4.82499e-08 0 0 0 0 0 0 0 0 0 14.1162 8.9279 1 0
53 70 0 0.338829 -0.469359 -0.815412 0.00031965 0.00531965 0 0.000134724 -0.000175542 0.00015701 0.000134724 -0.000175542 0.00015701 0 0 0 1.79195e-08 -5.06804e-08 3.66333e-08 0 0 0 0 0 0 0 0 0 14.0905 8.91164 1 0
53 119 0 -0.540264 0.69832 -0.469536 0.000306658 0.00530666 0 -7.51786e-05 0.000106336 0.000244654 -7.51786e-05 0.000106336 0.000244654 0 0 0 7.04723e-08 -2.76463e-09 -8.53406e-08 0 0 0 0 0 0 0 0 0 14.0574 8.89065 1 0
54 105 0 -0.86118 0.0654446 -0.504069 0.678174 0.683174 0 0.0452488 0.317861 -0.0360333 0.0452488 0.317861 -0.0360333 0 0 0 -6.75535e-06 -3.51372e-05 6.87466e-06 0 0 0 0 0 0 0 0 0 14.1916 8.97556 1 0
54 113 0 -0.313545 -0.904802 0.288137 1.10876 1.11376 0 0.29292 -0.0691143 0.0969152 0.29292 -0.0691143 0.0969152 0 0 0 -4.35207e-05 1.04345e-05 -5.18721e-06 0 0 0 0 0 0 0 0 0 14.0231 8.86901 1 0
55 98 0 -0.90266 -0.109908 0.416082 0.890959 0.895959 0 -0.111516 -0.0397295 -0.249436 -0.111516 -0.0397295 -0.249436 0 0 0 5.93039e-06 3.8993e-05 2.2615e-05 0 0 0 0 0 0 0 0 0 14.1061 8.92151 1 0
55 106 0 0.317885 0.629055 -0.709393 1.10663 1.11163 0 -0.191228 -0.12 -0.194034 -0.191228 -0.12 -0.194034 0 0 0 3.85187e-06 3.7238e-06 5.09209e-06 0 0 0 0 0 0 0 0 0 14.0925 8.9129 1 0
55 121 0 0.596401 -0.20623 0.775741 1.20508 1.21008 0 0.0364797 -0.189947 -0.0770278 0.0364797 -0.189947 -0.0770278 0 0 0 4.96983e-06 1.75026e-05 8.22041e-07 0 0 0 0 0 0 0 0 0 14.2816 9.03246 1 0
57 65 0 0.706637 0.0859636 -0.702335 1.53179 1.53679 0 -0.00729437 -0.102477 -0.0187457 -0.00729437 -0.102477 -0.0187457 0 0 0 -2.30293e-05 -1.79955e-05 -2.54832e-05 0 0 0 0 0 0 0 0 0 14.0812 8.90575 1 0
57 82 0 -0.293824 0.326246 -0.89846 0.832856 0.837856 0 -0.185223 0.259848 0.154841 -0.185223 0.259848 0.154841 0 0 0 -5.06962e-06 -4.87767e-06 -1.10817e-07 0 0 0 0 0 0 0 0 0 14.2954 9.04122 1 0
57 92 0 0.216096 0.869911 0.443347 0.790528 0.795528 0 -0.145134 -0.0341619 0.13852 -0.145134 -0.0341619 0.13852 0 0 0 5.40912e-06 -4.79238e-06 6.7142e-06 0 0 0 0 0 0 0 0 0 14.2754 9.02858 1 0
58 65 0 -0.89563 0.430613 -0.111439 1.10847 1.11347 0 -0.0737762 -0.0753753 0.304933 -0.0737762 -0.0753753 0.304933 0 0 0 5.5925e-05 8.00209e-05 -0.000179046 0 0 0 0 0 0 0 0 0 14.0732 8.90069 1 0
58 111 0 0.684856 -0.647559 0.334126 0.813781 0.818781 0 -0.0227663 -0.085136 -0.120961 -0.0227663 -0.085136 -0.120961 0 0 0 4.91915e-06 1.3243e-05 1.60113e-05 0 0 0 0 0 0 0 0 0 14.2105 8.98754 1 0
59 91 0 0.18534 -0.117615 0.975611 2.67043 2.67543 0 -0.184165 0.373797 0.0794377 -0.184165 0.373797 0.0794377 0 0 0 1.20684e-06 -1.95678e-06 -4.57439e-07 0 0 0 0 0 0 0 0 0 14.1976 8.97935 1 0
59 122 0 -0.888887 -0.335118 -0.312372 0.0325177 0.0375177 0 -0.000337198 0.00480812 -0.00419876 -0.000337198 0.00480812 -0.00419876 0 0 0 4.00156e-07 -1.49457e-06 4.6493e-07 0 0 0 0 0 0 0 0 0 14.3157 9.05405 1 0
60 78 0 0.185524 -0.840366 0.509279 0.564076 0.569076 0 -0.177449 0.0664352 0.17435 -0.177449 0.0664352 0.17435 0 0 0 -2.29568e-06 -5.06747e-06 -7.52215e-06 0 0 0 0 0 0 0 0 0 13.8578 8.76445 1 0
60 87 0 -0.633137 -0.0677964 0.771065 0.585964 0.590964 0 -0.0351668 -0.211282 -0.0473586 -0.0351668 -0.211282 -0.0473586 0 0 0 1.18108e-06 8.02205e-07 1.06174e-06 0 0 0 0 0 0 0 0 0 13.8953 8.78814 1 0
60 89 0 0.241238 0.439461 0.865262 0.853086 0.858086 0 0.162335 -0.20472 0.0586796 0.162335 -0.20472 0.0586796 0 0 0 7.42789e-05 7.79556e-05 -4.77418e-05 0 0 0 0 0 0 0 0 0 14.1123 8.9254 1 0
60 108 0 -0.978836 0.0776813 -0.189328 1.16639 1.17139 0 -0.0285973 -0.266302 0.0300767 -0.0285973 -0.266302 0.0300767 0 0 0 -1.93984e-05 4.25215e-05 0.000126815 0 0 0 0 0 0 0 0 0 13.9308 8.81063 1 0
60 111 0 -0.0251699 -0.275264 -0.961039 0.127051 0.132051 0 -0.0328123 -0.0150519 0.00516573 -0.0328123 -0.0150519 0.00516573 0 0 0 4.38437e-06 6.38605e-06 -1.94242e-06 0 0 0 0 0 0 0 0 0 13.9943 8.85075 1 0
61 119 0 -0.0727417 0.672533 0.736483 1.55646 1.56146 0 -0.0362801 0.216096 -0.214952 -0.0362801 0.216096 -0.214952 0 0 0 2.88941e-07 -9.09222e-06 8.91399e-06 0 0 0 0 0 0 0 0 0 14.0704 8.89889 1 0
62 70 0 0.151797 0.799108 -0.581707 2.56545 2.57045 0 0.672853 0.0870464 0.300927 0.672853 0.0870464 0.300927 0 0 0 -0.000130947 3.09892e-06 -3.70581e-05 0 0 0 0 0 0 0 0 0 14.0172 8.86528 1 0
62 79 0 -0.65289 -0.418198 -0.631542 1.31664 1.32164 0 -0.108661 -0.435162 0.401062 -0.108661 -0.435162 0.401062 0 0 0 -3.08923e-07 3.47841e-06 -2.01131e-06 0 0 0 0 0 0 0 0 0 13.8662 8.76975 1 0
62 96 0 0.977786 -0.0633265 -0.199811 1.22856 1.23356 0 -0.025033 0.326572 -0.219928 -0.025033 0.326572 -0.219928 0 0 0 6.62602e-06 -2.46359e-05 3.85113e-05 0 0 0 0 0 0 0 0 0 14.1369 8.94097 1 0
63 106 0 -0.765742 0.56358 -0.309866 0.0258797 0.0308797 0 0.00425809 0.00966547 0.00705491 0.00425809 0.00966547 0.00705491 0 0 0 1.94116e-06 1.07306e-06 -2.77058e-06 0 0 0 0 0 0 0 0 0 14.2078 8.98583 1 0
64 83 0 0.232655 0.058608 0.970792 1.5312 1.5362 0 0.294234 -0.458035 -0.0432451 0.294234 -0.458035 -0.0432451 0 0 0 -1.05709e-06 6.22128e-06 -1.19778e-07 0 0 0 0 0 0 0 0 0 14.4027 9.10906 1 0
64 88 0 -0.589448 0.688912 -0.421842 1.30578 1.31078 0 0.0395013 -0.268288 -0.499144 0.0395013 -0.268288 -0.499144 0 0 0 -2.74964e-06 5.11983e-06 1.27701e-05 0 0 0 0 0 0 0 0 0 14.2516 9.01351 1 0
65 91 0 -0.230696 0.770763 -0.593889 3.39796 3.40296 0 0.327618 0.356687 0.324696 0.327618 0.356687 0.324696 0 0 0 1.20705e-05 -1.73511e-06 -6.62381e-06 0 0 0 0 0 0 0 0 0 13.95 8.82277 1 0
65 93 0 0.0228011 -0.250219 -0.967921 1.42682 1.43182 0 0.37344 0.145952 -0.0280767 0.37344 0.145952 -0.0280767 0 0 0 3.78012e-05 -3.81482e-05 1.08583e-05 0 0 0 0 0 0 0 0 0 14.0482 8.88487 1 0
66 72 0 0.110547 -0.664608 -0.738969 1.65478 1.65978 0 0.570639 -0.22798 0.304909 0.570639 -0.22798 0.304909 0 0 0 -2.1622e-05 8.25357e-06 -1.1801e-05 0 0 0 0 0 0 0 0 0 14.2457 9.0098 1 0
66 101 0 0.905116 -0.154238 -0.396202 2.74998 2.75498 0 -0.273519 0.275593 -0.748084 -0.273519 0.275593 -0.748084 0 0 0 7.60118e-05 5.11802e-05 0.000163038 0 0 0 0 0 0 0 0 0 14.3205 9.05708 1 0
66 106 0 -0.750762 -0.560345 0.349814 1.93758 1.94258 0 -0.370481 0.238072 -0.406361 -0.370481 0.238072 -0.406361 0 0 0 2.88685e-05 -3.059e-05 1.1188e-05 0 0 0 0 0 0 0 0 0 14.0878 8.90989 1 0
67 68 0 -0.817763 0.528812 0.227204 0.197353 0.202353 0 -0.000497587 -0.0156458 0.0346002 -0.000497587 -0.0156458 0.0346002 0 0 0 -3.00196e-07 5.45584e-07 -2.34969e-06 0 0 0 0 0 0 0 0 0 14.263 9.02069 1 0
67 71 0 -0.737517 -0.392008 -0.549908 1.55464 1.55964 0 0.1659 -0.0333181 -0.186483 0.1659 -0.0333181 -0.186483 0 0 0 -2.12481e-05 7.63276e-06 2.15181e-05 0 0 0 0 0 0 0 0 0 14.0701 8.89873 1 0
67 73 0 0.965649 -0.239294 -0.10129 1.09566 1.10066 0 -0.0151475 -0.02088 -0.0818217 -0.0151475 -0.02088 -0.0818217 0 0 0 -4.09557e-06 6.22016e-06 -4.90955e-05 0 0 0 0 0 0 0 0 0 13.9555 8.82624 1 0
68 81 0 0.152246 0.905674 -0.395697 2.18789 2.19289 0 -0.335689 0.0934216 0.0808059 -0.335689 0.0934216 0.0808059 0 0 0 0.000111978 -4.42742e-05 -5.03127e-05 0 0 0 0 0 0 0 0 0 14.1131 8.92588 1 0
68 121 0 -0.895278 -0.236753 -0.377394 0.894569 0.899569 0 0.0630295 -0.123818 -0.0699568 0.0630295 -0.123818 -0.0699568 0 0 0 8.62361e-07 -6.00712e-07 -1.61562e-06 0 0 0 0 0 0 0 0 0 14.4028 9.10916 1 0
69 72 0 -0.411264 0.82976 -0.377308 2.38877 2.39377 0 -0.367667 0.039146 0.495735 -0.367667 0.039146 0.495735 0 0 0 0.000196393 0.000175025 0.000153995 0 0 0 0 0 0 0 0 0 14.2959 9.04153 1 0
69 86 0 0.64419 -0.580261 0.498314 2.33656 2.34156 0 -0.499844 -0.642134 -0.0973912 -0.499844 -0.642134 -0.0973912 0 0 0 3.94662e-05 5.79508e-05 1.93935e-05 0 0 0 0 0 0 0 0 0 14.2527 9.01421 1 0
69 91 0 -0.689507 -0.692375 -0.212596 1.05999 1.06499 0 0.131585 -0.250859 0.390327 0.131585 -0.250859 0.390327 0 0 0 -2.58868e-05 3.89613e-05 -4.33494e-05 0 0 0 0 0 0 0 0 0 14.1877 8.97307 1 0
69 105 0 0.528858 0.586972 0.613003 1.11863 1.12363 0 -0.021196 0.317108 -0.288889 -0.021196 0.317108 -0.288889 0 0 0 -3.29625e-05 4.35598e-05 -1.46262e-05 0 0 0 0 0 0 0 0 0 14.2924 9.0393 1 0
70 117 0 0.614322 0.610491 0.499909 2.41596 2.42096 0 -0.184443 0.56515 -0.463223 -0.184443 0.56515 -0.463223 0 0 0 1.57679e-05 1.32542e-06 -2.16037e-05 0 0 0 0 0 0 0 0 0 14.1082 8.92282 1 0
71 92 0 -0.954213 -0.0936139 -0.284103 1.40648 1.41148 0 -0.00704504 -0.0935891 0.0670099 -0.00704504 -0.0935891 0.0670099 0 0 0 -9.43412e-08 5.73673e-06 -1.72837e-06 0 0 0 0 0 0 0 0 0 14.126 8.93406 1 0
72 101 0 0.792501 0.506714 0.339386 0.494561 0.499561 0 0.117461 -0.109399 -0.111732 0.117461 -0.109399 -0.111732 0 0 0 -6.4544e-07 -1.98314e-06 4.50527e-06 0 0 0 0 0 0 0 0 0 14.3707 9.0888 1 0
72 118 0 -0.379559 0.777517 -0.5014 0.942835 0.947835 0 0.141177 -0.039726 -0.167847 0.141177 -0.039726 -0.167847 0 0 0 -2.9335e-06 -7.12059e-07 1.09108e-06 0 0 0 0 0 0 0 0 0 14.3101 9.05049 1 0
72 120 0 -0.86816 -0.0928727 -0.487517 0.966592 0.971592 0 -0.0471645 0.326442 0.0189675 -0.0471645 0.326442 0.0189675 0 0 0 8.66935e-06 -3.25606e-05 -8.94989e-06 0 0 0 0 0 0 0 0 0 14.2027 8.98256 1 0
73 77 0 0.62877 -0.480078 -0.611697 2.09674 2.10174 0 -0.271156 -0.0947547 -0.198329 -0.271156 -0.0947547 -0.198329 0 0 0 -5.76808e-06 -5.27774e-06 -1.52113e-06 0 0 0 0 0 0 0 0 0 14.0901 8.91138 1 0
73 98 0 0.647006 0.634351 -0.423061 2.11852 2.12352 0 -0.142828 -0.130831 -0.394174 -0.142828 -0.130831 -0.394174 0 0 0 -2.9105e-05 1.366e-05 -2.48196e-05 0 0 0 0 0 0 0 0 0 13.918 8.80254 1 0
73 119 0 0.431933 -0.740848 0.514371 0.0501249 0.0551249 0 -0.0104076 -0.00212276 0.00568186 -0.0104076 -0.00212276 0.00568186 0 0 0 5.99824e-06 1.89416e-06 -2.30877e-06 0 0 0 0 0 0 0 0 0 13.9985 8.85346 1 0
74 80 0 -0.351861 -0.509718 -0.7851 1.47691 1.48191 0 -0.492226 0.274808 0.0539544 -0.492226 0.274808 0.0539544 0 0 0 4.6408e-06 -3.40121e-06 5.68041e-08 0 0 0 0 0 0 0 0 0 14.0012 8.85515 1 0
74 95 0 -0.236567 0.877656 0.416841 2.62149 2.62649 0 -0.409981 -0.335615 0.453884 -0.409981 -0.335615 0.453884 0 0 0 3.92777e-05 1.28528e-05 -5.8551e-06 0 0 0 0 0 0 0 0 0 14.0818 8.90612 1 0
74 114 0 -0.97862 -0.20428 -0.0239494 0.908059 0.913059 0 -0.0129133 0.0554955 0.0505744 -0.0129133 0.0554955 0.0505744 0 0 0 1.46552e-05 -6.37895e-05 -9.11464e-05 0 0 0 0 0 0 0 0 0 14.0013 8.85519 1 0
74 124 0 0.680241 -0.511274 -0.525234 3.49051 3.49551 0 0.0705168 -0.697077 0.780651 0.0705168 -0.697077 0.780651 0 0 0 -2.24459e-05 -3.45306e-05 2.25177e-06 0 0 0 0 0 0 0 0 0 14.2735 9.02734 1 0
75 79 0 -0.314723 0.736346 -0.598952 1.59885 1.60385 0 0.341526 0.416063 0.330976 0.341526 0.416063 0.330976 0 0 0 -2.22654e-06 -1.4964e-06 -7.97843e-07 0 0 0 0 0 0 0 0 0 13.8754 8.77558 1 0
75 124 0 0.130246 -0.477132 0.869126 0.057965 0.062965 0 -0.0192156 0.00236851 0.00417936 -0.0192156 0.00236851 0.00417936 0 0 0 7.29251e-06 7.27893e-07 -6.91925e-07 0 0 0 0 0 0 0 0 0 14.1374 8.9413 1 0
76 91 0 0.306207 -0.873801 -0.377768 2.45455 2.45955 0 -0.00680283 0.0941392 -0.22914 -0.00680283 0.0941392 -0.22914 0 0 0 3.64657e-06 8.48598e-07 7.2724e-07 0 0 0 0 0 0 0 0 0 13.9584 8.82808 1 0
76 106 0 -0.282559 0.781329 0.556494 2.44475 2.44975 0 -0.0282042 0.135294 -0.205274 -0.0282042 0.135294 -0.205274 0 0 0 1.72897e-06 -5.71104e-06 8.83158e-06 0 0 0 0 0 0 0 0 0 13.9095 8.79713 1 0
76 115 0 -0.998302 -0.0577204 0.00785942 0.025476 0.030476 0 -0.000377323 0.00666832 0.000967916 -0.000377323 0.00666832 0.000967916 0 0 0 -1.01886e-06 1.4732e-05 -2.08088e-05 0 0 0 0 0 0 0 0 0 14.1595 8.95526 1 0
78 79 0 0.892143 -0.441492 0.0957397 1.57596 1.58096 0 0.0237951 0.109045 0.269022 0.0237951 0.109045 0.269022 0 0 0 -6.26415e-06 -1.44194e-05 -8.66299e-06 0 0 0 0 0 0 0 0 0 13.8708 8.77265 1 0
81 103 0 -0.88605 -0.149882 -0.438691 0.0123759 0.0173759 0 0.000641117 -0.000200934 -0.00122614 0.000641117 -0.000200934 -0.00122614 0 0 0 1.89256e-06 -1.09395e-05 -8.01319e-08 0 0 0 0 0 0 0 0 0 13.9708 8.83594 1 0
81 109 0 -0.45304 0.772857 -0.44435 2.64543 2.65043 0 0.141448 -0.138876 -0.372789 0.141448 -0.138876 -0.372789 0 0 0 -1.77982e-05 2.63625e-05 6.0641e-05 0 0 0 0 0 0 0 0 0 13.9691 8.83486 1 0
83 86 0 -0.91762 0.33645 -0.211601 4.16069 4.16569 0 -0.0774595 -0.591873 -0.5977 -0.0774595 -0.591873 -0.5977 0 0 0 6.51631e-05 -5.78893e-05 -0.000412221 0 0 0 0 0 0 0 0 0 14.3295 9.06277 1 0
85 95 0 0.742509 0.190911 -0.642055 1.40371 1.40871 0 -0.209416 -0.340175 -0.34461 -0.209416 -0.340175 -0.34461 0 0 0 -2.80653e-05 5.4882e-05 -1.75562e-05 0 0 0 0 0 0 0 0 0 14.2449 9.00925 1 0
85 101 0 -0.586104 -0.132655 -0.799302 0.212497 0.217497 0 -0.0288785 -0.00249834 0.0215819 -0.0288785 -0.00249834 0.0215819 0 0 0 -3.18013e-06 1.09059e-05 5.19981e-07 0 0 0 0 0 0 0 0 0 14.429 9.1257 1 0
85 105 0 -0.444366 -0.882386 -0.154703 0.912037 0.917037 0 -0.00235882 0.0624648 -0.35027 -0.00235882 0.0624648 -0.35027 0 0 0 2.08039e-08 -2.23138e-06 1.26832e-05 0 0 0 0 0 0 0 0 0 14.349 9.07508 1 0
87 97 0 0.00608475 0.995155 -0.0981331 0.827286 0.832286 0 0.210855 -0.0122275 -0.10879 0.210855 -0.0122275 -0.10879 0 0 0 2.43848e-06 -3.0693e-06 -3.71456e-05 0 0 0 0 0 0 0 0 0 14.1092 8.92341 1 0
88 114 0 0.248031 0.889582 0.383568 0.657865 0.662865 0 0.2428 -0.10129 0.0777959 0.2428 -0.10129 0.0777959 0 0 0 7.77857e-05 2.19948e-05 -9.70895e-05 0 0 0 0 0 0 0 0 0 14.0373 8.87796 1 0
89 97 0 -0.852676 0.483371 -0.198232 0.169645 0.174645 0 -0.0272692 -0.0222938 0.0629469 -0.0272692 -0.0222938 0.0629469 0 0 0 -2.0185e-05 -2.43589e-05 2.76816e-05 0 0 0 0 0 0 0 0 0 14.3365 9.06722 1 0
89 102 0 -0.176651 -0.786975 0.591155 1.4043 1.4093 0 -0.317919 0.0313849 -0.0512525 -0.317919 0.0313849 -0.0512525 0 0 0 -5.3583e-06 -2.63951e-06 -5.15333e-06 0 0 0 0 0 0 0 0 0 14.3616 9.08305 1 0
89 119 0 0.737637 0.663861 0.123212 1.49012 1.49512 0 -0.216572 0.248083 -0.0652686 -0.216572 0.248083 -0.0652686 0 0 0 1.04067e-06 -1.34295e-06 1.15795e-06 0 0 0 0 0 0 0 0 0 14.2512 9.01326 1 0
90 94 0 0.440035 -0.0651526 -0.895614 0.00203946 0.00703946 0 0.00118638 -0.000514635 0.000620324 0.00118638 -0.000514635 0.000620324 0 0 0 -2.8569e-10 -5.48642e-07 3.97698e-08 0 0 0 0 0 0 0 0 0 13.9395 8.81614 1 0
90 95 0 -0.369776 -0.624718 -0.687745 2.40143 2.40643 0 -0.567365 0.405339 -0.0640844 -0.567365 0.405339 -0.0640844 0 0 0 0.000116233 -5.89323e-05 -9.72383e-06 0 0 0 0 0 0 0 0 0 14.0479 8.88467 1 0
90 100 0 0.734626 -0.671937 -0.0939392 4.61235 4.61735 0 -0.268557 -0.311357 0.117407 -0.268557 -0.311357 0.117407 0 0 0 -6.77998e-05 -5.17519e-05 -0.000136292 0 0 0 0 0 0 0 0 0 14.0926 8.91294 1 0
90 111 0 -0.982456 0.186296 0.00864881 1.96748 1.97248 0 -0.0351345 -0.169185 -0.282614 -0.0351345 -0.169185 -0.282614 0 0 0 3.03743e-07 1.49163e-06 2.18017e-06 0 0 0 0 0 0 0 0 0 14.0487 8.8852 1 0
95 99 0 -0.793097 0.551083 -0.259433 2.14636 2.15136 0 0.0496317 -0.384743 -0.858054 0.0496317 -0.384743 -0.858054 0 0 0 -3.21291e-05 -3.17388e-05 1.3269e-05 0 0 0 0 0 0 0 0 0 14.1194 8.92988 1 0
96 118 0 0.200086 -0.217076 0.955429 1.0805 1.0855 0 0.06866 0.122902 0.0136888 0.06866 0.122902 0.0136888 0 0 0 1.28748e-05 -3.52797e-06 -3.47634e-06 0 0 0 0 0 0 0 0 0 14.4099 9.11361 1 0
100 106 0 0.729223 -0.684232 -0.00778586 2.98941 2.99441 0 0.219196 0.247258 -0.423337 0.219196 0.247258 -0.423337 0 0 0 -2.59577e-05 -2.99457e-05 4.37185e-05 0 0 0 0 0 0 0 0 0 14.0772 8.90319 1 0
101 105 0 0.143927 -0.748597 0.647215 1.01429 1.01929 0 0.136741 0.11661 0.104588 0.136741 0.11661 0.104588 0 0 0 2.16639e-05 4.64057e-06 5.10243e-07 0 0 0 0 0 0 0 0 0 14.3671 9.08653 1 0
101 114 0 0.602585 -0.749726 -0.2735 0.826653 0.831653 0 0.202108 0.136693 0.0756092 0.202108 0.136693 0.0756092 0 0 0 -7.66921e-05 -5.85929e-05 -2.36582e-05 0 0 0 0 0 0 0 0 0 14.1789 8.96755 1 0
107 114 0 -0.570594 0.673554 -0.469837 0.301668 0.306668 0 -0.0325191 -0.0740565 -0.0667386 -0.0325191 -0.0740565 -0.0667386 0 0 0 2.58603e-06 5.83897e-06 5.24346e-06 0 0 0 0 0 0 0 0 0 14.0701 8.89869 1 0
108 109 0 -0.557208 -0.815139 0.158327 0.366278 0.371278 0 0.11959 -0.0891564 -0.0381836 0.11959 -0.0891564 -0.0381836 0 0 0 -3.61168e-05 2.82305e-05 1.84573e-05 0 0 0 0 0 0 0 0 0 14.0503 8.88621 1 0
108 112 0 -0.617277 0.7046 0.350013 1.26196 1.26696 0 0.0465573 -0.0301854 0.143009 0.0465573 -0.0301854 0.143009 0 0 0 1.03314e-05 2.72171e-05 -3.51512e-05 0 0 0 0 0 0 0 0 0 14.1309 8.93716 1 0
115 124 0 -0.183161 0.168298 -0.96857 1.2341 1.2391 0 -0.178232 -0.390273 -0.0242578 -0.178232 -0.390273 -0.0242578 0 0 0 8.91162e-07 1.95136e-06 1.21289e-07 0 0 0 0 0 0 0 0 0 14.4899 9.16419 1 0
117 122 0 -0.559699 0.797231 0.226183 0.407767 0.412767 0 0.073634 0.0389611 0.0512577 0.073634 0.0389611 0.0512577 0 0 0 -3.9894e-05 -4.23557e-05 4.90501e-05 0 0 0 0 0 0 0 0 0 14.1434 8.94509 1 0
118 120 0 -0.486331 -0.873621 0.0163814 0.799375 0.804375 0 0.221378 -0.117713 0.293371 0.221378 -0.117713 0.293371 0 0 0 -2.18313e-05 1.15517e-05 -2.94783e-05 0 0 0 0 0 0 0 0 0 14.2174 8.99185 1 0
120 124 0 -0.889488 -0.453846 0.0532441 1.19068 1.19568 0 0.00538535 -0.038996 -0.209185 0.00538535 -0.038996 -0.209185 0 0 0 6.12725e-06 -1.34243e-05 -1.14631e-05 0 0 0 0 0 0 0 0 0 14.2907 9.03821 1 0
