PBC3D 06-05-2021
t 0.099
tmax 0
dt 1e-06
interVerlet 1e-06
interOut 0.001
interConf 0.001
dVerlet 0.0075
density 970
kn 1e+06
kt 400000
kr 0
dampRate 0.98
mu 0.5
mur 0
fcoh -0.1
fn0 0
ft0 0
mom0 0
dn0 0
dt0 0
drot0 0
powSurf 2
zetaMax 1
permamentGluer 0
numericalDampingCoeff 0
Kratio 1
iconf 0
h 0.0284554 0 0 0 0.0295725 0 0 0 0.0274029
vh -1.34948e-06 0 0 0 7.90264e-07 0 0 0 4.65342e-07
ah 0.000609658 0 0 0 -0.00178938 0 0 0 0.00115934
hmass 0.0130702
hvelGrad -4.74244e-05 0 0 0 2.6723e-05 0 0 0 1.69815e-05
hstrain -0.563684 0 0 0 -0.52518 0 0 0 -0.601372
Sig 30000 -242.977 -345.498 -242.977 30000 -866.832 -345.498 -866.831 30000
enableSwitch 1
Load IsostaticCompression 30000
interVerletC 1e-06
interOutC 0.001
interConfC 0.001
nbBonds 0
nbActiveInteractions 277
nbBondsini 0
porosityini 0
tensfailure 0
fricfailure 0
Particles 125
0.467908 0.578895 0.83099 0.00392577 -0.00103148 -0.000868632 0.0194384 -0.0270894 -0.0695091 0.839255 0.271357 0.309419 0.355354 4.4029e-05 0.000209451 5.48268e-05 -0.193307 0.174351 -0.196827 0.00297838 3.80908e-10 0.00010735
0.369579 0.728237 0.732917 0.00393019 -0.00103752 -0.000888537 -0.00357516 0.0016087 0.013839 0.891325 0.0911316 -0.17474 0.40829 -3.68347e-05 0.000101953 -0.000119292 -0.134922 -0.956152 0.281918 0.00290026 3.33509e-10 9.91226e-05
0.739491 0.73406 0.839298 0.00392911 -0.00103698 -0.000893659 -0.0282505 -0.00925419 0.0207502 0.858203 0.0253042 0.51137 -0.0367195 -4.38083e-05 7.29003e-05 -0.000309715 -0.255768 -0.363845 0.348312 0.00290181 3.34397e-10 9.92808e-05
0.691692 0.792671 0.458241 0.00393696 -0.00104479 -0.000889108 -0.0220956 0.0214082 0.0250526 0.767635 -0.228289 -0.594021 0.0758925 3.11099e-05 -3.39773e-05 4.90834e-05 -0.297634 0.316901 -0.278372 0.0029507 3.63533e-10 0.000104384
0.187843 0.578442 0.433349 0.00392838 -0.00103533 -0.000896591 -0.0266069 0.014035 0.0193896 0.781488 -0.506495 0.20759 -0.299407 4.31867e-05 5.57409e-05 8.67893e-05 0.0231759 -0.14869 -0.256466 0.00295563 3.66579e-10 0.000104908
0.420834 0.427144 0.694027 0.00393739 -0.00103752 -0.000889248 -0.0523979 0.0107231 0.0125668 0.690853 0.307447 -0.501948 0.419818 -9.5926e-05 0.000225588 1.44073e-05 0.260297 -0.454476 0.0699706 0.0029454 3.60281e-10 0.000103823
0.192025 0.423551 0.297637 0.00392911 -0.00103811 -0.00089142 -0.0186819 0.00973806 0.0224459 0.36829 -0.476519 -0.727598 -0.328472 -1.56014e-05 -6.43035e-06 -7.88966e-05 0.00242445 -0.151035 -0.163596 0.00294661 3.61023e-10 0.000103951
0.915599 0.492015 0.447136 0.00392495 -0.0010449 -0.000881362 -0.022059 -0.00291602 -0.0309962 0.976291 -0.103624 0.0458904 -0.184424 -2.53876e-05 -1.91146e-05 -3.61215e-05 -0.10719 0.206548 -0.48352 0.00293565 3.54355e-10 0.000102795
0.88711 0.203668 0.212968 0.00392429 -0.0010518 -0.000897879 -0.0326942 0.0399108 0.013781 0.852104 0.336872 -0.312173 -0.250964 -0.000211803 -6.57117e-05 -7.91287e-05 0.532691 -0.0891147 -0.0907247 0.00297599 3.79384e-10 0.000107092
0.590552 0.674885 0.972638 0.00394473 -0.00103972 -0.000879992 -0.0695972 -0.0178763 -0.0135326 0.576567 0.555379 0.330777 -0.499711 0.000103676 -0.000276726 0.000149016 -0.118141 0.734105 -0.0572234 0.0029635 3.71488e-10 0.000105749
0.410218 0.250112 0.790334 0.00392489 -0.00103798 -0.000896551 -0.0259143 0.0152558 0.0350547 0.509429 0.517811 0.3134 0.611665 1.509e-05 -0.000131748 5.72171e-05 -0.00684454 -0.049022 -0.102662 0.00292661 3.48936e-10 0.000101849
0.964714 0.684951 0.0273729 0.00372001 -0.00100702 -0.000615617 0.750743 -0.120948 -0.945221 0.600585 0.431556 -0.258822 0.621344 -0.00288606 -0.00546355 -0.000967065 10.1286 18.8485 3.1775 0.00298417 3.84624e-10 0.000107977
0.0361937 0.956098 0.554474 0.00393256 -0.00105388 -0.000904451 -0.0392945 0.00391986 0.0453501 0.701879 0.555013 0.4138 0.167617 0.000119445 -3.16303e-05 0.000127549 0.322291 0.746711 -0.488667 0.00295804 3.68079e-10 0.000105165
0.40913 0.91853 0.684259 0.00393431 -0.00103653 -0.000887963 -0.0188854 0.00273766 0.00252213 0.981832 -0.157766 0.00642169 0.105237 3.70874e-05 5.25616e-05 0.000110547 0.0286246 -0.246207 -0.118884 0.00299291 3.90294e-10 0.000108929
0.22042 0.874691 0.605934 0.0039085 -0.00104093 -0.00089284 0.023073 0.00154693 0.0181406 0.696221 0.436746 -0.455054 0.342717 2.33583e-05 -0.000208969 -0.000191639 0.0309847 0.249471 0.0917277 0.00292284 3.46693e-10 0.000101455
0.852238 0.545494 0.869679 0.00496472 -0.00292158 -0.00229533 -0.0124808 -0.0753576 0.0046098 0.534719 -0.282199 0.435277 -0.667064 -0.0387182 -0.0205567 0.000147912 0.383538 0.80601 0.186434 0.0029741 3.7818e-10 0.000106888
0.0968513 0.40159 0.488693 0.00393258 -0.00104412 -0.000892789 -0.0276791 0.00937053 0.0135896 0.988982 -0.0791696 0.118102 0.0412147 -2.28565e-05 -3.60042e-05 -7.36759e-07 -0.0652615 0.290952 0.337237 0.00298794 3.87064e-10 0.000108387
0.56792 0.111689 0.754555 0.00392552 -0.00103341 -0.00088602 -0.00848949 0.0111427 0.0067067 0.853982 0.387798 -0.281017 -0.203365 -0.00023123 4.72175e-05 6.51224e-06 0.537307 -0.0363204 -0.00723269 0.00290607 3.36861e-10 9.97192e-05
0.726018 0.299465 0.84678 0.00393855 -0.00103205 -0.000898716 -0.0438533 -0.0212014 0.0352731 0.403444 0.703624 -0.283459 0.511661 2.58901e-05 5.53284e-05 0.000268531 -0.339609 0.248923 -0.260458 0.00291527 3.42228e-10 0.000100669
0.131764 0.743532 0.899857 0.00390517 -0.00105899 -0.000897614 0.0593193 0.0850867 0.037994 0.282645 0.179848 -0.829162 0.447501 -2.26827e-05 0.000118922 -0.000332561 -0.0194587 -1.03062 1.54457 0.00291514 3.42151e-10 0.000100656
0.594754 0.296427 0.680774 0.00392338 -0.00103954 -0.000888316 0.00300254 0.0125708 -0.000316528 0.542903 0.149704 -0.320958 0.761467 0.000273908 -0.000175663 -1.88409e-06 -0.337629 0.382707 -0.0510291 0.00297284 3.77379e-10 0.000106752
0.260561 0.557275 0.810488 0.00392237 -0.00104065 -0.000901318 0.0164428 0.00131552 0.0256255 0.483258 -0.796528 0.226373 0.284183 -1.91456e-05 0.000147263 -0.000139493 -0.203763 -1.11287 0.386857 0.00298303 3.8389e-10 0.000107853
0.967874 0.265375 0.40321 0.00392948 -0.00104494 -0.000884134 -0.0166311 0.00704212 -0.0258307 0.813789 0.245632 -0.158284 -0.502354 6.43681e-05 -1.17151e-05 -1.97844e-06 -0.399 -0.302417 -0.652497 0.0029475 3.61568e-10 0.000104045
0.974858 0.753991 0.25448 0.00391955 -0.00104982 -0.000890995 0.00328134 0.0415722 -0.035266 0.888615 0.42058 -0.0376583 -0.179047 -0.000286344 -4.68535e-05 -2.85821e-05 0.958223 0.383219 -0.148796 0.00299948 3.94594e-10 0.000109647
0.392518 0.059978 0.85369 0.00391865 -0.00103296 -0.000892839 -0.00277543 0.00443708 0.0192043 0.675094 0.364271 -0.221605 -0.602035 1.77497e-05 -4.34809e-05 5.54685e-05 -0.13638 0.0294343 -0.139127 0.00298093 3.8254e-10 0.000107625
0.311322 0.583435 0.259382 0.00392284 -0.00103376 -0.000897007 -0.0215319 0.00882941 0.0204357 0.91746 0.290882 0.061078 0.264432 -7.3401e-05 -0.000148111 2.55284e-05 -0.00159268 0.0620345 0.229642 0.00297072 3.76036e-10 0.000106524
0.917102 0.882146 0.0948918 0.00331551 -0.0114172 0.0041389 0 0 0 0.518377 -0.683299 -0.260499 0.443315 -0.717272 -0.195876 0.525159 0 0 0 0.00298776 3.86946e-10 0.000108367
0.186024 0.615938 0.065028 0.00390319 -0.00104556 -0.000900666 0.0480208 0.0308794 0.0218265 0.916747 -0.160081 0.360015 0.0658673 -4.44458e-05 0.000117824 -0.000109764 -0.114629 -1.14445 1.03908 0.00294681 3.61147e-10 0.000103973
0.783188 0.353521 0.375065 0.00392608 -0.0010425 -0.000891426 -0.0293062 -0.0094591 0.0131891 -0.882601 -0.423471 0.192433 -0.0682534 -4.56105e-05 0.000118059 2.15785e-05 0.55716 -0.249283 0.569833 0.00297095 3.76178e-10 0.000106548
0.0753154 0.932374 0.946323 0.0039232 -0.00104816 -0.000897943 0.012071 0.0170142 0.0192562 0.868195 0.388428 0.302581 0.0616912 -2.92795e-05 3.20828e-05 0.000243284 0.360391 -0.385389 -0.753631 0.00299216 3.89802e-10 0.000108846
0.626641 0.251237 0.472116 0.00391941 -0.00105987 -0.000883287 -0.00135308 0.0531047 -0.00186322 0.68325 -0.0402993 -0.701336 0.199182 -5.50299e-05 5.6618e-05 -0.000185425 -0.225222 -0.337424 0.578112 0.00297053 3.75918e-10 0.000106504
0.0281867 0.25739 0.0453768 0.00393252 -0.00104698 -0.000885858 -0.00686072 0.0208412 -0.00303148 0.866662 0.0903666 0.0199805 -0.490237 4.21264e-05 0.000235981 -5.87815e-05 -0.26146 -0.051508 0.562596 0.0029227 3.46611e-10 0.000101441
0.849012 0.530969 0.649238 0.00392775 -0.00105011 -0.000876265 -0.0175063 0.015426 -0.0131361 0.974421 -0.109351 -0.154788 0.120773 0.000202662 -8.60585e-05 0.00012435 -0.866814 0.398504 -0.166826 0.0029927 3.90154e-10 0.000108905
0.787044 0.678851 0.309884 0.00392214 -0.00105175 -0.000889961 0.00288007 0.0463153 0.0181754 0.973947 0.153597 -0.161097 0.0434035 4.40821e-05 -0.000123569 4.056e-05 0.189701 -0.327757 -0.0121051 0.00298815 3.87197e-10 0.00010841
0.46691 0.468752 0.189253 0.00392565 -0.00102521 -0.000899014 -0.00859695 0.00367213 0.0513225 0.820404 0.389263 0.00259486 -0.418813 5.57655e-05 0.000146385 -0.000110131 0.332959 -0.00995806 -0.352964 0.00292962 3.50734e-10 0.000102163
0.54299 0.391358 0.864658 0.00393128 -0.00103851 -0.000886944 -0.0390521 -0.00130664 -0.00335779 0.878218 0.246285 -0.0822452 -0.401637 -0.000150923 -8.84698e-05 -0.000308715 0.0704553 0.227058 0.476441 0.00298222 3.83371e-10 0.000107765
0.877038 0.0101281 0.266107 0.00391983 -0.0010484 -0.00089392 -0.00595377 0.0275196 -0.00866126 0.9873 0.0543443 0.123686 -0.083589 0.000247866 -6.04416e-05 0.000124823 -0.689447 0.810982 -0.362654 0.00294094 3.57564e-10 0.000103352
0.51687 0.786679 0.34451 0.00392298 -0.00103617 -0.000876046 0.000206267 0.0296216 -0.0135774 0.0577348 0.787059 0.44652 -0.421693 -0.000134235 -0.000115345 -9.58779e-06 -0.6972 0.157293 -0.216225 0.00292274 3.46633e-10 0.000101445
0.421815 0.290296 0.321279 0.0039254 -0.00101712 -0.000892994 -0.0192288 -0.0461297 0.0121788 -0.765181 -0.603648 0.00391353 0.223814 0.000280146 9.88717e-06 0.000246902 -0.61655 -0.109036 -0.894547 0.002975 3.78755e-10 0.000106985
0.317453 0.578752 0.602701 0.00393697 -0.00103687 -0.00089409 -0.0530713 0.018689 0.0178768 0.849584 0.471838 -0.22992 -0.052091 1.19299e-05 -4.31631e-05 5.01533e-06 -0.133516 0.354662 -0.00912423 0.00297307 3.77527e-10 0.000106777
0.0681995 0.934618 0.256396 0.00392682 -0.00104572 -0.000902829 -0.010133 0.0292873 0.0431525 0.907619 -0.417191 0.0464829 -0.00439682 -2.91535e-05 -9.38753e-05 -0.000158364 -0.119033 0.0807308 0.401089 0.00295192 3.64284e-10 0.000104513
0.357406 0.929853 0.233579 0.00392847 -0.00100646 -0.000870721 -0.0576628 -0.0927315 -0.0371454 0.544559 0.331412 0.587487 -0.498478 -0.000925202 -0.0002401 0.000211089 2.63781 -0.327064 -0.325214 0.00290087 3.33858e-10 9.91848e-05
0.471777 0.834575 0.00687599 0.00392508 -0.00104442 -0.000891769 0.00323716 0.0226842 -0.00653595 0.495196 0.294173 0.173304 0.79888 6.43587e-05 0.000163306 -0.000256947 0.191442 -0.703933 0.647454 0.00291994 3.44977e-10 0.000101154
0.048586 0.566223 0.273486 0.00392447 -0.00104583 -0.00089853 -0.0128875 0.0293569 0.0320653 0.877621 -0.287568 -0.320911 -0.210006 0.000212576 -2.52632e-05 2.60903e-05 -0.372867 0.230779 0.220195 0.0029649 3.72367e-10 0.000105899
0.124968 0.23406 0.612683 0.00392955 -0.00103745 -0.000894378 -0.0259178 -0.0123523 0.0168749 0.791588 -0.00263848 0.519264 0.322096 -0.000103821 -0.000399768 5.63486e-05 -0.115042 0.587885 -0.135666 0.00298967 3.88183e-10 0.000108575
0.770153 0.166406 0.596295 0.0039319 -0.00104949 -0.000890135 -0.0160776 0.00322213 -0.0115162 0.172082 0.906692 -0.350481 -0.159566 0.00011399 -0.000113635 9.45373e-05 -0.664577 0.816162 -0.692697 0.00290751 3.37699e-10 9.98679e-05
0.683864 0.935088 0.743547 0.00393485 -0.00103855 -0.000887829 0.0171364 -0.00338025 0.0196733 0.761503 0.0349291 0.566906 0.312267 5.16987e-05 9.61716e-06 -0.000368455 0.637179 0.17401 0.434512 0.00295538 3.66428e-10 0.000104882
0.138619 0.422755 0.0685531 0.00391706 -0.00104245 -0.000893196 0.0104369 0.0186944 0.0241126 0.609805 0.0688896 0.388824 -0.687174 0.000135316 2.32184e-05 -6.08233e-05 -0.102482 -0.143088 -0.581542 0.0029264 3.4881e-10 0.000101827
0.926948 0.327328 0.876062 0.0039463 -0.00104691 -0.000893025 -0.0431414 0.0177424 0.0136898 0.757435 0.630956 0.135958 -0.0984994 -0.00012039 -1.07105e-05 -0.000119131 0.565469 -0.441077 -0.129566 0.00291999 3.45005e-10 0.000101159
0.500942 0.105512 0.404833 0.00391435 -0.00105126 -0.000891377 0.00571734 0.0338459 0.00495391 0.505226 -0.659687 0.425097 0.358962 -9.87873e-05 -0.000101795 0.000165814 0.20074 0.153582 -0.745542 0.00292622 3.487e-10 0.000101807
0.352026 0.514324 0.00350807 -0.00335373 -0.00541953 -0.0136132 0.0074475 -0.0213308 -0.00631429 -0.485055 0.56776 0.251479 -0.615734 -0.118088 -0.0736945 0.0974683 -0.665293 1.44167 -0.0179122 0.00290016 3.33452e-10 9.91125e-05
0.893635 0.00289867 0.719323 0.00393432 -0.00104003 -0.000897556 -0.00645684 -0.00908491 0.036799 0.129502 0.47181 0.679666 0.546515 -2.24951e-05 0.000138866 3.12451e-05 -0.197818 -0.0822133 -0.625964 0.00296467 3.72222e-10 0.000105874
0.546615 0.42814 0.410714 0.0039387 -0.00102596 -0.000901263 -0.0393091 -0.0242407 0.0191053 0.712906 0.229908 0.157253 -0.643567 -0.000157946 -1.3761e-05 -5.38059e-05 0.128167 -0.206198 0.327335 0.00296134 3.70138e-10 0.000105518
0.972942 0.67389 0.76309 0.00393971 -0.00103593 -0.000901147 -0.0236168 -0.0256629 0.0584609 0.963332 0.00294198 0.0821826 0.255399 0.000198639 -9.45261e-06 0.000377677 -0.298713 0.0814562 -0.994734 0.00292065 3.45399e-10 0.000101228
0.710447 0.147838 0.309385 0.00392205 -0.0010524 -0.000887697 -0.018651 0.0330291 0.0120621 0.753509 0.0802994 -0.543943 0.36042 -2.60549e-05 -0.00010242 0.000176873 0.365352 0.309859 -0.43326 0.00294197 3.5819e-10 0.000103461
0.0917601 0.10623 0.373159 0.00393099 -0.00104816 -0.000916964 0.0022416 -0.0198936 0.0172486 0.752042 -0.391695 -0.522159 0.0914208 0.000195574 -0.00019569 5.79771e-05 -0.357641 0.817593 -0.556357 0.0029572 3.67554e-10 0.000105075
0.0649666 0.535355 0.884396 0.014679 0.0160648 0.0130562 0.0638268 -0.0181665 -0.000485969 0.58485 0.686304 -0.145319 0.407209 0.0336569 0.236782 -0.340391 -0.263094 -0.394901 -0.0673121 0.00296943 3.75221e-10 0.000106385
0.179509 0.735593 0.299228 0.00392776 -0.00104035 -0.000900334 -0.0124766 0.0259052 0.0328349 0.804345 0.0537519 -0.354441 0.473826 -2.37314e-05 1.4796e-05 -0.00015342 -0.0893903 0.00880595 0.54949 0.00297774 3.80503e-10 0.000107281
0.510447 0.667109 0.172471 0.00393964 -0.00102648 -0.000881503 -0.0393495 0.0278312 -0.0138396 0.0838805 -0.634102 0.405121 0.653265 6.89952e-06 0.000225594 -0.000121502 0.685848 -0.718372 0.102497 0.0029754 3.79006e-10 0.000107028
0.239692 0.928289 0.81179 0.00392517 -0.00104161 -0.000895092 -0.011174 0.0132629 0.00694822 0.323965 0.0682406 0.74826 -0.574889 -7.01696e-05 -3.07407e-05 -0.000197315 0.101521 0.146886 0.283538 0.0029725 3.77162e-10 0.000106715
0.657964 0.592106 0.449922 0.00392997 -0.00104035 -0.000878126 -0.00340119 0.0192414 -0.0083103 0.859921 -0.112354 -0.164939 0.469795 6.56615e-05 -3.80565e-05 3.15673e-05 -0.580442 0.331764 0.000989971 0.00291503 3.42088e-10 0.000100645
0.87645 0.679002 0.504599 0.00393495 -0.00104223 -0.000895725 -0.0288695 -0.0142203 0.0245115 0.404054 0.595751 0.56724 -0.400074 0.00016012 3.87425e-05 0.000171986 -0.63526 0.64443 0.624215 0.00292421 3.47506e-10 0.000101598
0.0117393 0.422239 0.712391 0.00394006 -0.00104398 -0.000893152 -0.0542204 -0.00328767 -0.0021112 0.631065 0.313186 -0.449654 -0.549074 0.000108314 -2.28967e-05 4.43113e-05 -0.186261 0.353819 0.017697 0.00290093 3.33892e-10 9.91908e-05
0.316652 0.118579 0.287824 0.00392294 -0.00101997 -0.000844075 -1.5469e-05 -0.0445416 -0.130902 -0.54565 0.6339 0.548115 -0.00254045 0.000564725 0.000564707 -0.000147917 -1.45613 -0.794279 0.564455 0.00299031 3.88601e-10 0.000108645
0.698157 0.847486 0.0101417 0.0039235 -0.00104456 -0.000892563 -0.0418774 -0.0100573 0.0146695 0.573003 0.183867 0.391297 0.696237 2.38662e-05 -0.000155514 0.000126643 0.0738978 0.941641 0.182395 0.00297746 3.80322e-10 0.00010725
0.325481 0.75268 0.148572 0.00393089 -0.00103766 -0.000899489 -0.0428765 0.0131508 0.014086 0.492031 0.536427 0.0205883 -0.685367 7.17491e-05 -2.34429e-05 9.23894e-05 0.100496 -0.225217 -0.311011 0.00290365 3.35463e-10 9.94706e-05
0.312528 0.34269 0.145895 0.00392725 -0.00103137 -0.000897005 -0.00843975 0.0041307 0.0317086 0.825641 -0.34974 0.364561 0.251187 8.6779e-06 -9.98211e-05 -1.32623e-05 -0.207011 0.360766 0.504506 0.00295584 3.66712e-10 0.000104931
0.574261 0.00658149 0.574112 0.00392486 -0.00102045 -0.000890167 0.00596711 -0.0393348 0.0431703 0.102312 0.181178 0.17686 -0.961991 0.000103557 3.49055e-05 0.000117322 -0.0733472 0.225767 0.134079 0.00294021 3.57121e-10 0.000103276
0.403835 0.112626 0.623281 0.00391148 -0.00103685 -0.000878089 0.014661 0.00292095 -0.0188482 0.871638 0.350425 0.333185 -0.0802354 -0.000103757 -0.00016099 -0.000294054 0.173176 0.396691 0.352532 0.00299065 3.88818e-10 0.000108682
0.421301 0.0431001 0.0679107 0.00392577 -0.00103055 -0.000896908 -0.0282881 -0.0130065 0.0177513 0.847707 -0.400414 0.311875 -0.154257 -4.33526e-05 1.4419e-05 -0.000127426 -0.024231 0.14787 0.127668 0.00296969 3.75381e-10 0.000106412
0.0429873 0.580526 0.588047 0.0039255 -0.00104684 -0.000896581 -0.00496802 0.0200529 0.0384616 0.635853 -0.41968 0.0766352 0.643185 -6.74351e-05 -9.307e-05 -0.000221518 -0.18177 -0.16316 0.492093 0.00296206 3.70585e-10 0.000105594
0.422039 0.928727 0.456255 0.00391814 -0.00104325 -0.000871394 0.0049499 0.0219386 0.0104834 -0.171605 -0.629879 -0.43699 0.618744 0.000221129 -0.000101901 -0.000182102 0.0255465 0.236772 0.638869 0.00293623 3.54705e-10 0.000102856
0.335533 0.209604 0.986204 0.00392357 -0.00103213 -0.000895794 -0.0184395 -0.000883572 0.0259776 0.730117 0.385188 0.528538 0.198005 2.28147e-06 7.6078e-05 5.77908e-05 -0.0441711 0.0155339 -0.0205187 0.00296946 3.7524e-10 0.000106388
0.77253 0.959304 0.552517 0.00392607 -0.00104235 -0.000893434 0.0143807 -0.00225788 0.0319686 0.500797 -0.0700295 -0.844359 -0.177079 0.000126324 -0.000131371 0.000107469 -0.613276 -0.123319 -0.564479 0.0029047 3.36067e-10 9.95781e-05
0.827945 0.202408 0.00616874 0.00393328 -0.00103993 -0.000899661 -0.0208774 0.012158 0.0191208 0.90418 -0.19025 0.0613161 0.377496 0.00012511 0.000158292 0.000134489 -0.386639 0.272406 -0.0336906 0.00293945 3.56659e-10 0.000103195
0.942632 0.195095 0.705516 0.00393069 -0.00104337 -0.000884585 -0.0327381 0.00569016 0.0173591 0.815676 0.0149536 -0.069919 0.574074 -3.23389e-05 0.000236704 -0.000106109 0.259473 -0.567772 0.392221 0.00290348 3.35362e-10 9.94528e-05
0.215314 0.0773744 0.1026 0.00392995 -0.00103748 -0.000917857 -0.0196137 0.0226491 0.0289297 0.622219 0.612137 -0.464713 0.148909 0.000333965 -0.000403115 -0.00013494 -0.508297 0.297898 0.253568 0.00290595 3.36789e-10 9.97063e-05
0.902447 0.863857 0.421273 0.00391866 -0.00106329 -0.000884873 0.000310611 0.0707298 -0.0515574 0.3935 -0.333959 -0.72967 0.448565 0.000175994 -1.29126e-05 -2.19988e-05 -1.07772 0.167746 0.907541 0.0029792 3.81431e-10 0.000107438
0.695883 0.426834 0.55801 0.00392572 -0.00104341 -0.000887773 -0.00540007 0.00532543 -0.0248379 0.730771 -0.287953 0.502546 -0.361255 -0.000217453 0.000240915 -5.95438e-05 0.599924 -0.428285 0.0112985 0.0029022 3.34622e-10 9.9321e-05
0.878277 0.339981 0.578333 0.00393112 -0.00104413 -0.000884298 -0.0186232 -0.00726149 -0.0197975 0.908989 -0.144661 -0.266756 -0.28575 -3.33263e-05 -5.18392e-05 1.91629e-05 0.380486 0.113021 0.164352 0.00291871 3.44248e-10 0.000101025
0.755556 0.101503 0.838444 0.00393239 -0.00104241 -0.00089476 -0.0152668 0.00847235 0.0152289 0.793278 -0.514498 -0.0639269 0.31924 -2.8311e-05 -0.000106336 -7.6051e-06 0.536051 0.0961501 0.493157 0.00291794 3.438e-10 0.000100947
0.435331 0.292906 0.53828 0.00391558 -0.00104088 -0.000885752 -0.00210656 0.021629 0.0113808 0.957396 -0.20947 0.0259217 -0.197087 0.000130432 -4.43043e-05 0.000412299 -0.341627 0.285511 -0.811759 0.0029005 3.33644e-10 9.91467e-05
0.118202 0.801094 0.104564 0.003906 -0.00105049 -0.000901206 0.0915025 0.0612534 0.042652 0.891132 -0.164744 0.422762 -0.00398665 0.000117512 -0.000220932 0.000194227 -0.26928 1.05078 -0.829315 0.00296135 3.70142e-10 0.000105519
0.746934 0.859309 0.221478 0.00392086 -0.00105306 -0.000890583 -0.0209197 0.0343816 -0.00390109 0.967584 0.159489 -0.177303 -0.083118 -8.15386e-05 0.000228696 -0.000119009 0.459491 -1.1499 0.439681 0.00299129 3.89234e-10 0.000108751
0.0784859 0.760993 0.498396 -0.482372 0.13637 0.113637 -0.0303432 -0.895136 1.09671 -0.62649 0.508547 0.585256 -0.0797817 -2.81447 -8.69495 -1.15048 13.3316 -3.94767 -3.09417 0.00299948 3.94597e-10 0.000109648
0.624564 0.338511 0.234295 0.00392719 -0.00103911 -0.000893891 -0.015801 -6.02939e-05 0.00937853 0.830428 0.453385 -0.293336 0.137059 0.000245012 -2.70901e-05 0.000192534 -0.435871 0.41091 -0.423937 0.00298544 3.85446e-10 0.000108115
0.555373 0.926893 0.175608 0.00392559 -0.00103587 -0.000902431 -0.04075 -0.00966528 0.0343561 0.963355 0.195126 -0.184007 -0.00373916 0.000107378 -9.54779e-05 0.000324432 -0.894062 0.978919 -1.0272 0.00295754 3.67769e-10 0.000105112
0.52833 0.578748 0.613863 0.00394008 -0.0010342 -0.00087235 -0.0452086 -0.013793 -0.0402365 0.751034 -0.428525 0.274969 -0.420365 2.29829e-05 -0.000121572 -6.06288e-05 0.0537527 0.0941864 0.11299 0.00291262 3.40675e-10 0.000100395
0.575439 0.985498 0.918941 0.00392249 -0.00104161 -0.000894065 0.00475614 0.0131214 -0.00672856 0.863971 0.183036 -0.127656 -0.451394 0.000102028 -1.12085e-05 6.56289e-05 -0.525981 0.0398665 -0.215209 0.00294967 3.62898e-10 0.000104275
0.707878 0.679596 0.635822 0.00393903 -0.001038 -0.000888595 -0.0421599 -0.000648543 0.0149285 0.76492 0.251688 0.0418962 0.591435 4.24168e-05 -2.37409e-05 8.51462e-05 0.140437 0.167969 -0.239736 0.00297434 3.78332e-10 0.000106913
0.855329 0.500649 0.242729 0.00391972 -0.00105382 -0.000877983 -0.0038835 0.0523086 -0.0339979 0.843026 -0.0822572 -0.52732 0.0668933 0.000114667 -3.15758e-05 -3.22197e-05 -0.652275 0.0579463 -0.118874 0.00293004 3.50984e-10 0.000102207
0.278164 0.904798 0.022083 0.00393267 -0.00104101 -0.000899948 -0.0509655 0.011374 0.00467502 0.845285 -0.105857 0.290996 0.435441 -4.58935e-06 3.15011e-07 -4.55807e-05 0.0575457 0.138984 0.302407 0.00293975 3.56836e-10 0.000103226
0.224556 0.910086 0.395198 0.00391629 -0.0010477 -0.00088878 0.00363858 0.0272094 0.0267628 0.844691 0.318797 -0.0112874 -0.429811 5.75685e-06 0.000303098 0.000183553 -0.138673 -0.329841 -0.595372 0.00295589 3.66745e-10 0.000104936
0.330184 0.703024 0.94128 0.00391984 -0.00104509 -0.000894311 0.0300716 0.000888811 0.0144454 0.283562 0.652269 0.656869 -0.250322 -3.07052e-05 -5.35637e-05 0.000166882 0.117191 0.757462 -0.594509 0.0029681 3.74382e-10 0.000106242
0.945639 0.487789 0.0518604 0.0039023 -0.0010496 -0.00088334 0.0396351 0.0428073 -0.00833559 -0.137481 -0.215653 -0.512513 0.819709 -0.000112953 -0.000176213 -8.03307e-05 0.332645 0.458851 1.16682 0.00291012 3.39216e-10 0.000100137
0.779109 0.376745 0.0955249 0.00393109 -0.00104651 -0.000890905 -0.0322669 0.0296754 0.000435878 0.497285 -0.090073 0.86156 0.0480495 -0.000274556 3.31888e-05 -9.82194e-05 0.680969 -0.591208 -0.161559 0.00294025 3.5714e-10 0.000103279
0.214321 0.409616 0.669404 0.00394128 -0.00104184 -0.000903806 -0.0575568 0.0016421 0.0438528 0.197619 0.715683 0.642925 0.18813 -7.47391e-06 -6.64844e-05 -8.93539e-05 0.0657635 0.130886 -0.0864385 0.00299724 3.93122e-10 0.000109402
0.529588 0.776848 0.592781 0.00393263 -0.00103925 -0.000882487 -0.0346176 -0.00428353 -0.0136967 0.69341 0.116592 -0.110484 -0.702411 4.35411e-05 -6.56834e-05 -2.49623e-05 -0.13063 0.0670553 0.137317 0.00297605 3.7942e-10 0.000107098
0.905085 0.0843587 0.462514 0.00393057 -0.00104669 -0.000898198 -0.00791923 0.00202841 -0.00352176 0.924453 -0.0970251 0.359096 -0.083805 -0.000192832 2.72255e-06 -4.18359e-05 0.386809 -0.625207 0.815752 0.00292953 3.50681e-10 0.000102154
0.615064 0.486424 0.0398047 0.00392606 -0.00104102 -0.000881319 -0.0635807 -0.0154618 0.000758833 0.275012 -0.75052 -0.00980326 -0.600826 -3.00469e-05 7.23792e-05 0.000101619 0.0241802 0.157538 -0.252691 0.00294993 3.63063e-10 0.000104303
0.00696202 0.367195 0.222594 0.00392135 -0.00104888 -0.000885958 -0.0112959 0.0302239 -0.00973422 0.859826 -0.0145821 0.442573 0.254197 -6.14453e-05 -0.000114742 -1.52119e-05 0.212995 0.610304 0.401644 0.00295283 3.64849e-10 0.000104611
0.501489 0.311706 0.0600037 0.00393147 -0.00104462 -0.000891078 -0.0199955 0.00493785 0.00714868 0.782044 0.111091 0.60764 0.0827038 0.0001482 0.000129171 0.000149913 -0.220998 -0.498137 -0.251045 0.00299051 3.8873e-10 0.000108667
0.670911 0.521141 0.764273 0.00391869 -0.00102189 -0.000879573 -0.00688818 -0.0301529 -0.00504299 0.231336 -0.843426 -0.234572 0.424373 0.000101705 0.000122205 3.04966e-05 -0.387476 -0.655899 0.334173 0.002983 3.83871e-10 0.00010785
0.253191 0.263262 0.444639 0.00390954 -0.00100456 -0.000903117 0.0102183 -0.0886223 0.0353016 0.845862 0.210802 0.45097 -0.191588 -0.000304415 0.000132857 -9.70629e-05 1.22684 -0.193002 0.0110619 0.00294907 3.62532e-10 0.000104212
0.545928 0.799725 0.810696 0.00394078 -0.00104637 -0.000881685 -0.00450428 0.00767285 -0.00564903 0.555288 -0.346724 -0.389278 -0.647997 1.96578e-05 -3.17038e-05 0.000187961 -0.209148 0.600106 -0.436733 0.00294839 3.62115e-10 0.00010414
0.531618 0.160917 0.200695 0.00391419 -0.0010342 -0.00088219 -0.000878575 -0.0104753 -0.00748381 0.993374 -0.0582714 0.0517966 0.0844363 -0.000109969 4.96347e-05 -5.7245e-05 0.348842 -0.0911876 0.391581 0.00296849 3.74624e-10 0.000106283
0.157455 0.23132 0.220926 0.00392759 -0.00104456 -0.00091333 -0.0187957 0.0187425 0.0417351 0.447656 -0.757842 -0.319443 0.351049 -0.000296963 8.7413e-05 -3.62923e-05 0.314186 -0.399278 -0.308398 0.00292582 3.48464e-10 0.000101766
0.745061 0.0283063 0.101252 0.0101376 0.000744879 -0.00603424 0.014786 0.039898 -0.0109254 0.80821 -0.403582 -0.314083 -0.29201 -0.152853 0.0966984 -0.155548 0.107785 -0.559604 -0.124395 0.00295903 3.68696e-10 0.000105271
0.457243 0.607433 0.409608 0.003925 -0.00103561 -0.000891821 0.00429039 0.0119184 -0.0198417 0.805426 -0.248221 0.134938 0.521026 1.79788e-05 0.000167085 -3.48816e-05 0.534518 -0.277222 0.132067 0.00292258 3.46539e-10 0.000101428
0.342293 0.445625 0.443524 0.00393196 -0.00103531 -0.000892792 -0.0233479 0.0205704 0.0197093 0.774646 -0.360597 0.519437 0.00882375 9.99194e-06 -4.72355e-05 -4.58988e-05 -0.0342517 0.200722 0.138321 0.00294859 3.62234e-10 0.00010416
0.765166 0.666041 0.0918766 0.00474714 -0.0205915 -0.00380409 0.673885 0.236973 -1.25807 0.827291 0.0460413 -0.54087 -0.144667 -0.447532 -0.00822683 -0.0626437 0.550722 -14.5255 -2.74507 0.00298925 3.87912e-10 0.00010853
0.652785 0.537606 0.244581 0.00392451 -0.00103492 -0.000875272 -0.00831542 0.0463987 -0.0108975 0.220408 0.177198 -0.258993 -0.92355 -0.000133261 5.11761e-05 0.000224105 0.347604 -0.299647 0.0496407 0.00294049 3.57285e-10 0.000103304
0.32978 0.748108 0.484816 0.0072895 0.001965 -0.00126604 0.0239933 0.0202683 -0.000360167 0.811602 -0.567811 0.124332 0.0586048 -0.210498 0.246869 0.168104 -0.350301 -0.294188 -0.206576 0.00297159 3.76587e-10 0.000106617
0.645915 0.96843 0.370791 0.00439416 -0.00180479 -0.00291961 -0.0107225 0.0314319 0.0324487 -0.105183 -0.0938525 0.359231 0.922541 0.00361729 0.0712531 -0.0278465 0.122861 0.349134 0.129682 0.00292152 3.45913e-10 0.000101318
0.62657 0.16196 0.00105162 0.00392756 -0.00104428 -0.000895988 -0.0151445 0.0169033 -0.00543841 0.920611 -0.13085 -0.0739557 0.360396 -0.000150361 -0.00023302 -0.000146233 0.416812 -0.0197743 0.0261359 0.00291797 3.43815e-10 0.000100949
0.00818572 0.0658521 0.104292 0.00392261 -0.0010461 -0.000896333 -0.014358 0.017586 0.0214954 0.838248 -0.457183 0.0767733 -0.287108 -6.55715e-05 0.000220603 2.14399e-05 0.411921 -0.201365 -0.328268 0.00299825 3.93783e-10 0.000109512
0.100604 0.0604827 0.727059 -0.0151422 0.00662169 0.00136126 -0.0371817 0.00878217 0.0350543 0.313963 -0.158076 -0.353539 -0.866862 -1.74898 -2.8779 -4.75968 0.245441 -0.955796 0.528749 0.00297972 3.81766e-10 0.000107495
0.169984 0.701964 0.695359 0.00392291 -0.00104277 -0.000896634 -0.00381661 0.0121788 0.0469248 0.943578 0.0359907 -0.328735 -0.017256 -7.96952e-05 1.74251e-06 4.3019e-05 0.437365 0.592776 -0.111369 0.00292545 3.48241e-10 0.000101727
0.256289 0.365805 0.8775 0.00393115 -0.00103748 -0.000905323 -0.0140295 0.00639931 0.0326879 0.836571 0.417921 0.344906 -0.0808213 -3.09906e-06 0.000209162 -6.02853e-05 0.257872 -0.653249 0.46945 0.00297361 3.77869e-10 0.000106835
0.861437 0.812576 0.662455 0.00394456 -0.00103566 -0.000903643 -0.01452 -0.0248396 0.0339518 0.663647 -0.379298 -0.448901 -0.462809 -4.49099e-05 -0.000139604 -0.000138821 0.298677 0.453868 0.754701 0.00295258 3.64697e-10 0.000104584
0.155181 0.19104 0.881035 0.00392979 -0.00103596 -0.000907848 -0.0232999 0.00159747 0.0461362 0.728511 0.421991 -0.356055 -0.405487 0.00016375 9.41224e-05 -2.40587e-05 -0.636571 -0.239138 -0.31219 0.00294405 3.59456e-10 0.00010368
0.216104 0.0648566 0.541107 0.00391367 -0.00104425 -0.00089948 0.00481194 0.0031819 0.0117582 0.873978 -0.147535 -0.310989 -0.343048 4.30622e-05 0.000400078 0.000186107 0.0577397 -0.637646 -0.226535 0.00297812 3.80743e-10 0.000107322
0.0540028 0.860927 0.744028 0.00392149 -0.001043 -0.000898574 -0.0258156 0.00546074 0.0374299 0.844043 0.0985712 0.525962 0.035219 1.40603e-05 7.38721e-05 7.83107e-05 -0.353018 -0.495469 -0.284203 0.00297212 3.76925e-10 0.000106675
0.887568 0.867493 0.879304 0.00391164 -0.00102343 -0.000893854 0.0190343 -0.0394387 0.0265869 0.540943 0.32517 -0.767538 0.111939 0.000165938 4.33157e-05 5.19096e-05 -0.0106568 0.265625 0.235275 0.00297578 3.79252e-10 0.000107069
0.969628 0.099941 0.89257 0.00393148 -0.00104436 -0.000893174 -0.0240016 0.00184265 0.0248587 0.961126 0.00140962 -0.275145 -0.0230157 -1.29186e-05 -0.000129567 -8.82985e-05 -0.0683243 0.0584006 0.389314 0.0029945 3.9133e-10 0.000109102
Interactions 277
0 1 0 -0.475978 0.751288 -0.457177 -0.000877135 0.0991229 0 -0.00244322 -0.00156354 -2.55904e-05 -0.00244322 -0.00156354 -2.55904e-05 0 0 0 1.22103e-08 7.8198e-09 1.37496e-10 0 0 0 0 0 0 0 0 0 14.0706 8.89902 1 0
0 9 0 0.587353 0.477754 0.653275 -0.011462 0.088538 0 -0.00397876 0.00112427 0.00275501 -0.00397876 0.00112427 0.00275501 0 0 0 1.98938e-08 -5.62136e-09 -1.3775e-08 0 0 0 0 0 0 0 0 0 14.3055 9.04762 1 0
0 21 0 -0.989755 -0.10725 -0.0942466 -0.013722 0.086278 0 -0.000844717 0.00510268 0.00306439 -0.000844717 0.00510268 0.00306439 0 0 0 4.22358e-09 -2.55134e-08 -1.53219e-08 0 0 0 0 0 0 0 0 0 14.3764 9.09241 1 0
1 13 0 0.191022 0.95514 -0.226313 0.616884 0.716884 0 0.053517 -0.040142 -0.125936 0.053517 -0.040142 -0.125936 0 0 0 1.50217e-05 -1.16271e-05 -3.73674e-05 0 0 0 0 0 0 0 0 0 14.1198 8.93015 1 0
1 39 0 -0.252618 -0.752894 -0.60773 0.809381 0.909381 0 0.206507 -0.0638307 -0.00776749 0.206507 -0.0638307 -0.00776749 0 0 0 -5.1431e-05 2.30912e-05 -6.97636e-06 0 0 0 0 0 0 0 0 0 14.0525 8.88758 1 0
1 93 0 -0.191091 -0.127099 0.973309 0.917898 1.0179 0 0.298155 -0.130221 0.0419503 0.298155 -0.130221 0.0419503 0 0 0 -2.38456e-06 1.1025e-06 -3.2776e-07 0 0 0 0 0 0 0 0 0 14.0355 8.87683 1 0
1 104 0 0.858159 0.361536 0.364492 0.47699 0.57699 0 -0.0225935 0.0526427 -0.0210131 -0.0225935 0.0526427 -0.0210131 0 0 0 9.00776e-07 -9.10462e-06 7.30565e-06 0 0 0 0 0 0 0 0 0 13.9676 8.8339 1 0
1 117 0 -0.97518 -0.133403 -0.176712 0.705158 0.805158 0 0.00274135 0.237781 -0.198012 0.00274135 0.237781 -0.198012 0 0 0 8.31898e-05 -0.000337144 -0.00027373 0 0 0 0 0 0 0 0 0 13.8875 8.78325 1 0
2 9 0 -0.722854 -0.298473 0.623215 1.04751 1.14751 0 0.176849 0.0171806 0.21177 0.176849 0.0171806 0.21177 0 0 0 -5.09254e-05 3.76825e-05 -4.12913e-05 0 0 0 0 0 0 0 0 0 14.0255 8.8705 1 0
2 64 0 -0.200091 0.570638 0.796452 0.481267 0.581267 0 0.0158302 -0.010076 0.0112573 0.0158302 -0.010076 0.0112573 0 0 0 2.02223e-05 -4.79472e-05 3.97821e-05 0 0 0 0 0 0 0 0 0 14.0733 8.90072 1 0
2 89 0 -0.153165 -0.27424 -0.949386 1.4275 1.5275 0 0.288577 0.0213311 -0.0523486 0.288577 0.0213311 -0.0523486 0 0 0 -1.20692e-05 6.02057e-05 -3.05836e-05 0 0 0 0 0 0 0 0 0 14.0626 8.89398 1 0
2 123 0 0.717094 0.67154 0.186573 0.722416 0.822416 0 0.0728386 -0.0840656 0.0136595 0.0728386 -0.0840656 0.0136595 0 0 0 -1.73789e-06 2.45073e-06 -1.85721e-06 0 0 0 0 0 0 0 0 0 14.0676 8.8971 1 0
3 33 0 0.457199 -0.567175 -0.685041 2.04094 2.14094 0 0.10647 0.452832 -0.304761 0.10647 0.452832 -0.304761 0 0 0 -5.13351e-06 -1.36333e-06 -2.03405e-06 0 0 0 0 0 0 0 0 0 14.2932 9.03978 1 0
3 37 0 -0.847043 -0.0301738 -0.530667 0.15518 0.25518 0 0.0091069 -0.042516 -0.0121242 0.0091069 -0.042516 -0.0121242 0 0 0 -2.33105e-05 0.00014481 2.90877e-05 0 0 0 0 0 0 0 0 0 14.0584 8.8913 1 0
3 89 0 0.0777692 -0.564628 0.821674 1.25613 1.35613 0 0.106099 0.372014 0.247573 0.106099 0.372014 0.247573 0 0 0 2.22456e-05 -3.02553e-05 -2.33663e-05 0 0 0 0 0 0 0 0 0 14.2443 9.0089 1 0
3 97 0 -0.778708 -0.0789951 0.622393 1.49569 1.59569 0 -0.0110483 0.135115 0.00310537 -0.0110483 0.135115 0.00310537 0 0 0 -3.12803e-05 2.6299e-05 -3.5834e-05 0 0 0 0 0 0 0 0 0 14.2504 9.01274 1 0
3 113 0 -0.221918 0.885482 -0.408257 1.10678 1.20678 0 0.300334 0.0921714 0.0354975 0.300334 0.0921714 0.0354975 0 0 0 -0.000192386 -8.00297e-05 -6.45556e-05 0 0 0 0 0 0 0 0 0 14.0539 8.88847 1 0
4 6 0 0.0201667 -0.776184 -0.630183 0.371448 0.471448 0 -0.0857206 -0.0422836 0.0493268 -0.0857206 -0.0422836 0.0493268 0 0 0 -1.60796e-05 1.99898e-05 -2.50777e-05 0 0 0 0 0 0 0 0 0 14.1628 8.95732 1 0
4 25 0 0.59312 0.0249269 -0.804728 1.06627 1.16627 0 0.183053 0.454833 0.149077 0.183053 0.454833 0.149077 0 0 0 -8.14495e-05 -4.10614e-05 -6.27858e-05 0 0 0 0 0 0 0 0 0 14.2495 9.01216 1 0
4 39 0 0.622175 0.00154877 0.782877 0.34738 0.44738 0 -0.115779 0.0253496 0.0919947 -0.115779 0.0253496 0.0919947 0 0 0 5.31119e-05 7.51511e-05 -4.19561e-05 0 0 0 0 0 0 0 0 0 14.2579 9.01746 1 0
4 43 0 -0.669578 -0.061055 -0.740228 1.13176 1.23176 0 -0.183764 0.18091 0.155776 -0.183764 0.18091 0.155776 0 0 0 4.54159e-06 -1.03562e-05 -3.40518e-06 0 0 0 0 0 0 0 0 0 14.2287 8.99899 1 0
4 57 0 -0.0399917 0.783733 -0.619809 1.70464 1.80464 0 0.201294 -0.192566 -0.256952 0.201294 -0.192566 -0.256952 0 0 0 -1.08222e-05 2.2784e-05 2.92192e-05 0 0 0 0 0 0 0 0 0 14.2745 9.02797 1 0
4 70 0 -0.697083 0.0104249 0.716914 2.199 2.299 0 0.449193 -0.315572 0.388551 0.449193 -0.315572 0.388551 0 0 0 -1.5112e-05 1.92646e-05 -1.30592e-05 0 0 0 0 0 0 0 0 0 14.2184 8.99253 1 0
4 109 0 0.744798 -0.665615 0.0472494 1.56982 1.66982 0 -0.114664 -0.0943882 0.486055 -0.114664 -0.0943882 0.486055 0 0 0 -6.0836e-09 -2.46933e-07 -3.38148e-06 0 0 0 0 0 0 0 0 0 14.1699 8.96184 1 0
5 10 0 -0.0514537 -0.891777 0.449541 0.59349 0.69349 0 -0.0135845 -0.0175946 -0.0363761 -0.0135845 -0.0175946 -0.0363761 0 0 0 -2.70799e-07 6.49376e-07 1.31681e-06 0 0 0 0 0 0 0 0 0 14.0538 8.8884 1 0
5 35 0 0.587004 -0.178715 0.789612 2.90159 3.00159 0 0.184426 0.375306 -0.0569218 0.184426 0.375306 -0.0569218 0 0 0 8.28316e-06 -1.3386e-05 -9.06898e-06 0 0 0 0 0 0 0 0 0 14.2527 9.01418 1 0
5 39 0 -0.497116 0.757644 -0.422908 0.340346 0.440346 0 0.0972311 0.0229426 -0.0731763 0.0972311 0.0229426 -0.0731763 0 0 0 2.73173e-06 1.40464e-05 2.17838e-05 0 0 0 0 0 0 0 0 0 14.2204 8.99379 1 0
5 81 0 0.070596 -0.679365 -0.730396 1.19382 1.29382 0 -0.150957 0.216559 -0.216148 -0.150957 0.216559 -0.216148 0 0 0 8.05057e-05 -0.000108797 0.000109005 0 0 0 0 0 0 0 0 0 13.9581 8.82788 1 0
5 87 0 0.522423 0.765711 -0.375181 1.35974 1.45974 0 -0.0895927 0.0184083 -0.0830555 -0.0895927 0.0184083 -0.0830555 0 0 0 2.27374e-06 -6.19056e-06 -9.23506e-06 0 0 0 0 0 0 0 0 0 14.0027 8.85609 1 0
5 96 0 -0.989679 -0.0872996 -0.11364 2.3815 2.4815 0 0.0312415 0.152116 -0.295571 0.0312415 0.152116 -0.295571 0 0 0 -4.79227e-07 -1.33902e-06 3.76686e-06 0 0 0 0 0 0 0 0 0 14.3053 9.04745 1 0
6 16 0 -0.456686 -0.109518 0.882861 2.11548 2.21548 0 -0.078612 -0.423179 -0.0930673 -0.078612 -0.423179 -0.0930673 0 0 0 1.58877e-05 3.54294e-06 8.65553e-06 0 0 0 0 0 0 0 0 0 14.2773 9.02974 1 0
6 25 0 0.573979 0.799455 -0.177255 1.4506 1.5506 0 0.0569161 -0.0852269 -0.203735 0.0569161 -0.0852269 -0.203735 0 0 0 -2.66306e-05 2.95488e-05 4.80349e-05 0 0 0 0 0 0 0 0 0 14.2165 8.99133 1 0
6 43 0 -0.690917 0.714201 -0.11203 1.88835 1.98835 0 0.16858 0.174003 0.0663322 0.16858 0.174003 0.0663322 0 0 0 -8.4138e-06 -1.42655e-05 -4.71135e-05 0 0 0 0 0 0 0 0 0 14.1959 8.97825 1 0
6 66 0 0.581544 -0.405551 -0.70522 2.9771 3.0771 0 -0.075677 -0.166465 0.0157064 -0.075677 -0.166465 0.0157064 0 0 0 -6.70627e-05 -3.54667e-05 -3.43488e-05 0 0 0 0 0 0 0 0 0 14.1635 8.95781 1 0
6 100 0 -0.893479 -0.282769 -0.348908 2.69054 2.79054 0 0.153621 -0.372132 -0.0498629 0.153621 -0.372132 -0.0498629 0 0 0 -9.2624e-06 2.2053e-05 6.80695e-06 0 0 0 0 0 0 0 0 0 14.1528 8.951 1 0
6 109 0 0.725973 0.110829 0.678734 2.52147 2.62147 0 -0.0227631 -0.0455476 0.00773363 -0.0227631 -0.0455476 0.00773363 0 0 0 1.19532e-06 2.41216e-05 -2.15403e-06 0 0 0 0 0 0 0 0 0 14.1375 8.94136 1 0
7 16 0 0.871193 -0.45169 0.192353 1.6036 1.7036 0 -0.108855 -0.140378 0.159285 -0.108855 -0.140378 0.159285 0 0 0 -6.241e-06 9.05904e-06 5.40297e-05 0 0 0 0 0 0 0 0 0 14.2365 9.00393 1 0
7 28 0 -0.638055 -0.693564 -0.334448 0.628585 0.728585 0 0.0814288 -0.0259732 -0.100167 0.0814288 -0.0259732 -0.100167 0 0 0 -3.05631e-05 1.53614e-05 2.58709e-05 0 0 0 0 0 0 0 0 0 14.177 8.96635 1 0
7 61 0 -0.190216 0.944205 0.268876 1.61772 1.71772 0 -0.0789407 -0.0485826 0.102931 -0.0789407 -0.0485826 0.102931 0 0 0 3.80359e-07 3.57826e-07 -9.30115e-07 0 0 0 0 0 0 0 0 0 14.0104 8.86098 1 0
7 79 0 -0.181422 -0.768045 0.61416 0.175146 0.275146 0 -0.0220967 0.0307431 0.0319608 -0.0220967 0.0307431 0.0319608 0 0 0 5.30344e-06 -5.95835e-06 -5.90132e-06 0 0 0 0 0 0 0 0 0 13.9905 8.84837 1 0
7 90 0 -0.292484 0.0435469 -0.955278 0.951841 1.05184 0 -0.249621 -0.089908 0.0744996 -0.249621 -0.089908 0.0744996 0 0 0 2.98128e-05 -1.63745e-05 -1.4116e-05 0 0 0 0 0 0 0 0 0 14.0315 8.87428 1 0
8 36 0 -0.0484725 -0.967987 0.246276 2.00377 2.10377 0 0.325848 -0.0294509 -0.0594724 0.325848 -0.0294509 -0.0594724 0 0 0 -0.000115581 -1.11177e-05 -2.21993e-05 0 0 0 0 0 0 0 0 0 14.2143 8.98992 1 0
8 54 0 -0.849993 -0.279163 0.446744 1.78811 1.88811 0 0.0231514 0.318143 0.243656 0.0231514 0.318143 0.243656 0 0 0 1.97396e-05 -3.19941e-05 2.28309e-05 0 0 0 0 0 0 0 0 0 14.2181 8.99233 1 0
8 74 0 -0.284779 -0.00630127 -0.958572 1.71547 1.81547 0 0.219032 0.0501821 -0.0658374 0.219032 0.0501821 -0.0658374 0 0 0 3.02993e-05 2.60688e-05 -7.43695e-06 0 0 0 0 0 0 0 0 0 14.2088 8.98644 1 0
8 100 0 0.575756 0.816408 0.0445321 2.6159 2.7159 0 0.0313844 -0.024912 0.117257 0.0313844 -0.024912 0.117257 0 0 0 -3.23151e-06 2.24012e-06 4.68683e-06 0 0 0 0 0 0 0 0 0 14.258 9.01757 1 0
9 42 0 -0.574545 0.802783 0.159492 0.339134 0.439134 0 -0.061129 -0.0254736 -0.0912205 -0.061129 -0.0254736 -0.0912205 0 0 0 1.40542e-06 6.65324e-07 1.70006e-06 0 0 0 0 0 0 0 0 0 14.093 8.91317 1 0
9 58 0 -0.384003 -0.0387418 0.922519 1.38643 1.48643 0 -0.174552 0.366615 -0.0784458 -0.174552 0.366615 -0.0784458 0 0 0 5.32496e-06 -5.86233e-05 2.62584e-06 0 0 0 0 0 0 0 0 0 14.2949 9.04088 1 0
9 99 0 0.118009 -0.942923 0.3114 1.30256 1.40256 0 0.183573 -0.0941803 -0.346884 0.183573 -0.0941803 -0.346884 0 0 0 -8.19577e-06 1.59448e-05 6.58182e-05 0 0 0 0 0 0 0 0 0 14.203 8.98275 1 0
9 104 0 -0.214835 0.624611 -0.750804 0.555404 0.655404 0 0.153941 0.115977 0.0547043 0.153941 0.115977 0.0547043 0 0 0 -2.01383e-05 -1.2749e-05 -4.85614e-06 0 0 0 0 0 0 0 0 0 14.1974 8.97921 1 0
9 110 0 0.834717 -0.0439395 0.548923 -3.79884e-05 0.099962 0 -9.34712e-06 -2.71536e-06 1.4443e-05 -9.34712e-06 -2.71536e-06 1.4443e-05 0 0 0 2.07159e-06 7.15499e-07 -3.1088e-06 0 0 0 0 0 0 0 0 0 14.3443 9.07213 1 0
10 24 0 -0.0852811 -0.952007 0.293956 0.584174 0.684174 0 0.0145187 0.0091775 0.0342244 0.0145187 0.0091775 0.0342244 0 0 0 -2.60903e-07 4.55044e-08 3.92795e-08 0 0 0 0 0 0 0 0 0 14.1784 8.96718 1 0
10 72 0 -0.360458 -0.20318 0.910378 0.02544 0.12544 0 0.000348626 0.00527328 0.00131587 0.000348626 0.00527328 0.00131587 0 0 0 5.01909e-06 2.78272e-07 2.04964e-06 0 0 0 0 0 0 0 0 0 14.1385 8.94194 1 0
11 82 0 0.734623 0.577706 0.355788 0.00374065 0.103741 0 -0.000830602 0.00152503 -0.000760428 -0.000830602 0.00152503 -0.000760428 0 0 0 7.50307e-08 4.49935e-08 -2.27956e-07 0 0 0 0 0 0 0 0 0 14.3183 9.0557 1 0
11 94 0 -0.0920894 -0.989221 0.113848 0.0037625 0.103763 0 -0.00161632 3.4507e-05 -0.000998674 -0.00161632 3.4507e-05 -0.000998674 0 0 0 9.03841e-09 -2.7973e-10 4.83612e-09 0 0 0 0 0 0 0 0 0 14.1276 8.93508 1 0
11 110 0 -0.950614 -0.0936192 0.295919 -4.05552e-05 0.0999594 0 4.58555e-06 -1.99001e-06 1.46692e-05 4.58555e-06 -1.99001e-06 1.46692e-05 0 0 0 -5.15702e-07 5.52861e-07 -1.49088e-06 0 0 0 0 0 0 0 0 0 14.4198 9.11991 1 0
12 77 0 -0.641029 -0.459453 -0.614805 8.1051e-05 0.100081 0 2.30814e-05 -1.0857e-05 -1.64999e-05 2.30814e-05 -1.0857e-05 -1.64999e-05 0 0 0 -1.27753e-07 1.63134e-07 1.12897e-08 0 0 0 0 0 0 0 0 0 14.2885 9.03683 1 0
12 98 0 -0.633737 0.64431 -0.428068 0.232709 0.332709 0 0.051269 -0.000204552 -0.0748241 0.051269 -0.000204552 -0.0748241 0 0 0 2.29982e-06 2.75625e-05 3.57402e-05 0 0 0 0 0 0 0 0 0 14.1091 8.92339 1 0
12 116 0 0.308681 0.519897 0.796507 4.60028e-08 0.1 0 -1.27932e-07 4.00086e-09 6.66171e-08 -1.27932e-07 4.00086e-09 6.66171e-08 0 0 0 7.7672e-08 -2.29314e-09 -2.95213e-08 0 0 0 0 0 0 0 0 0 14.2904 9.03801 1 0
12 122 0 0.0854651 -0.47465 0.876016 0.232239 0.332239 0 0.076388 -0.0394516 -0.02894 0.076388 -0.0394516 -0.02894 0 0 0 -2.1772e-05 2.00716e-05 1.31709e-05 0 0 0 0 0 0 0 0 0 14.2633 9.02088 1 0
13 59 0 -0.808727 0.0484095 0.586188 1.71825 1.81825 0 0.0721995 -0.196053 0.115769 0.0721995 -0.196053 0.115769 0 0 0 -1.29289e-06 1.83274e-06 -1.93437e-06 0 0 0 0 0 0 0 0 0 14.3904 9.10127 1 0
13 68 0 -0.0251988 0.959837 -0.279424 1.64548 1.74548 0 0.398397 -0.0306135 -0.157748 0.398397 -0.0306135 -0.157748 0 0 0 -4.68593e-05 2.4466e-06 1.56788e-05 0 0 0 0 0 0 0 0 0 14.4566 9.14316 1 0
13 97 0 0.574579 -0.702344 -0.420205 1.59943 1.69943 0 0.212819 0.236517 -0.0989085 0.212819 0.236517 -0.0989085 0 0 0 -1.0641e-06 -1.18258e-06 4.94542e-07 0 0 0 0 0 0 0 0 0 14.4034 9.1095 1 0
14 59 0 0.0931818 0.269331 0.958529 5.01297 5.11297 0 -0.149099 -0.0502558 0.0152136 -0.149099 -0.0502558 0.0152136 0 0 0 4.15411e-07 8.82559e-07 -2.48185e-07 0 0 0 0 0 0 0 0 0 14.135 8.93977 1 0
14 92 0 0.0200504 0.178317 -0.983769 4.23761 4.33761 0 -0.442471 -0.252504 -0.0164387 -0.442471 -0.252504 -0.0164387 0 0 0 -4.38554e-06 -8.26891e-06 -2.56619e-07 0 0 0 0 0 0 0 0 0 14.077 8.90307 1 0
14 112 0 0.528182 -0.635358 -0.563333 1.26092 1.36092 0 0.065427 -0.056682 0.126403 0.065427 -0.056682 0.126403 0 0 0 2.58055e-06 3.44017e-05 -3.70291e-05 0 0 0 0 0 0 0 0 0 14.1319 8.93777 1 0
14 117 0 -0.245566 -0.874005 0.4193 1.89278 1.99278 0 -0.195701 -0.155672 -0.432793 -0.195701 -0.155672 -0.432793 0 0 0 -3.14585e-05 4.56208e-05 8.04501e-05 0 0 0 0 0 0 0 0 0 13.9691 8.83483 1 0
14 121 0 -0.0208174 0.95335 -0.30115 0.949099 1.0491 0 -0.0116752 -0.040055 -0.126128 -0.0116752 -0.040055 -0.126128 0 0 0 6.91165e-06 3.27861e-06 9.68366e-06 0 0 0 0 0 0 0 0 0 14.1545 8.95212 1 0
15 53 0 0.582689 0.644156 -0.495516 0.00624546 0.106245 0 0.00310217 -0.000463244 0.00304519 0.00310217 -0.000463244 0.00304519 0 0 0 -1.83528e-08 1.88195e-07 2.31762e-07 0 0 0 0 0 0 0 0 0 14.1325 8.93816 1 0
15 102 0 -0.866179 -0.120895 -0.484889 0.00624505 0.106245 0 -0.00133196 -0.00280457 0.00307768 -0.00133196 -0.00280457 0.00307768 0 0 0 8.37027e-09 1.16667e-08 -1.78428e-08 0 0 0 0 0 0 0 0 0 14.3607 9.08252 1 0
16 22 0 -0.618744 -0.679113 -0.394919 1.84819 1.94819 0 -0.104467 -0.22483 0.557554 -0.104467 -0.22483 0.557554 0 0 0 7.7427e-06 -2.21512e-05 2.64602e-05 0 0 0 0 0 0 0 0 0 14.2806 9.03182 1 0
16 96 0 0.559038 0.0396947 0.828191 2.83676 2.93676 0 -0.094366 -0.152217 0.0653052 -0.094366 -0.152217 0.0653052 0 0 0 -2.32709e-06 1.49914e-05 1.08523e-06 0 0 0 0 0 0 0 0 0 14.4624 9.1468 1 0
17 20 0 0.129966 0.929883 -0.344132 1.79949 1.89949 0 0.310919 -0.0365671 0.018609 0.310919 -0.0365671 0.018609 0 0 0 -8.14728e-06 -4.80901e-07 -5.27377e-06 0 0 0 0 0 0 0 0 0 14.0736 8.9009 1 0
17 24 0 -0.848154 -0.259862 0.461635 1.03273 1.13273 0 0.233772 -0.121133 0.359312 0.233772 -0.121133 0.359312 0 0 0 5.68528e-06 1.9851e-05 2.34146e-05 0 0 0 0 0 0 0 0 0 14.1012 8.91838 1 0
17 67 0 0.0308781 -0.531945 -0.846216 1.41611 1.51611 0 -0.143607 -0.0822479 0.0447101 -0.143607 -0.0822479 0.0447101 0 0 0 4.45472e-05 -1.65912e-05 1.17545e-05 0 0 0 0 0 0 0 0 0 13.9605 8.82942 1 0
17 68 0 -0.792151 0.00470045 -0.610307 1.14155 1.24155 0 -0.0318469 0.0930157 0.0418997 -0.0318469 0.0930157 0.0418997 0 0 0 1.59234e-07 -4.65079e-07 -2.09499e-07 0 0 0 0 0 0 0 0 0 14.1343 8.93931 1 0
17 80 0 0.917255 -0.0517508 0.394924 1.4619 1.5619 0 -0.138518 0.39728 0.376795 -0.138518 0.39728 0.376795 0 0 0 4.1358e-06 -1.06868e-05 -1.0954e-05 0 0 0 0 0 0 0 0 0 13.8821 8.77981 1 0
17 88 0 0.0365477 -0.637524 0.769563 1.0052 1.1052 0 -0.105806 -0.190875 -0.154687 -0.105806 -0.190875 -0.154687 0 0 0 5.29026e-07 9.54376e-07 7.73434e-07 0 0 0 0 0 0 0 0 0 13.9935 8.85027 1 0
18 20 0 -0.634508 -0.0152591 -0.772765 0.595868 0.695868 0 0.0465275 -0.178208 -0.0354245 0.0465275 -0.178208 -0.0354245 0 0 0 5.09023e-07 1.95506e-06 -4.461e-07 0 0 0 0 0 0 0 0 0 14.108 8.92269 1 0
18 35 0 -0.883502 0.460995 0.0831067 1.20947 1.30947 0 -0.104911 -0.221808 0.132893 -0.104911 -0.221808 0.132893 0 0 0 5.18316e-06 8.97948e-06 4.15104e-06 0 0 0 0 0 0 0 0 0 14.1403 8.94311 1 0
18 48 0 0.980361 0.141285 0.137589 1.49095 1.59095 0 0.0433685 -0.359099 0.0573459 0.0433685 -0.359099 0.0573459 0 0 0 -1.02875e-06 1.18895e-05 -4.40161e-06 0 0 0 0 0 0 0 0 0 13.9224 8.80533 1 0
19 82 0 -0.0656875 0.28975 0.954846 0.709537 0.809537 0 -0.271342 0.0376091 -0.0301132 -0.271342 0.0376091 -0.0301132 0 0 0 5.06252e-05 -9.31531e-06 6.44104e-06 0 0 0 0 0 0 0 0 0 14.0677 8.8972 1 0
19 93 0 0.959839 -0.203647 0.192969 0.336985 0.436985 0 0.0156696 -0.054761 -0.135748 0.0156696 -0.054761 -0.135748 0 0 0 -1.81506e-06 6.15964e-06 1.55717e-05 0 0 0 0 0 0 0 0 0 14.0911 8.91201 1 0
19 117 0 0.186254 -0.21052 -0.959683 0.573218 0.673218 0 -0.127936 0.000863278 -0.0265571 -0.127936 0.000863278 -0.0265571 0 0 0 8.38559e-07 1.18875e-07 1.47524e-07 0 0 0 0 0 0 0 0 0 13.9414 8.81733 1 0
20 30 0 0.152711 -0.224921 -0.962336 0.778331 0.878331 0 -0.31892 -0.0842253 -0.0308353 -0.31892 -0.0842253 -0.0308353 0 0 0 4.14601e-05 9.50161e-06 4.15519e-06 0 0 0 0 0 0 0 0 0 14.3112 9.05121 1 0
20 35 0 -0.247419 0.471559 0.846413 0.77909 0.87909 0 -0.181605 -0.0527746 -0.0233168 -0.181605 -0.0527746 -0.0233168 0 0 0 4.81803e-05 8.14864e-05 -2.90028e-05 0 0 0 0 0 0 0 0 0 14.3533 9.07783 1 0
20 78 0 0.490137 0.656848 -0.572989 1.84856 1.94856 0 -0.118386 0.1799 0.106398 -0.118386 0.1799 0.106398 0 0 0 1.41359e-06 -4.26991e-06 -3.70048e-06 0 0 0 0 0 0 0 0 0 14.059 8.89169 1 0
21 39 0 0.271921 0.106679 -0.956388 1.14942 1.24942 0 -0.22895 -0.443678 -0.113915 -0.22895 -0.443678 -0.113915 0 0 0 1.87075e-06 3.42668e-06 9.08644e-07 0 0 0 0 0 0 0 0 0 14.3571 9.08021 1 0
21 93 0 0.333224 0.724953 0.602831 2.75754 2.85754 0 -0.422677 0.122963 0.0676305 -0.422677 0.122963 0.0676305 0 0 0 1.65817e-05 -1.83581e-05 1.52874e-05 0 0 0 0 0 0 0 0 0 14.3389 9.06874 1 0
21 96 0 -0.220072 -0.73036 -0.64664 0.646039 0.746039 0 -0.100632 -0.0340882 0.0728351 -0.100632 -0.0340882 0.0728351 0 0 0 1.12153e-06 3.88834e-07 -8.22628e-07 0 0 0 0 0 0 0 0 0 14.4444 9.13545 1 0
21 117 0 -0.436256 0.724241 -0.533999 0.154891 0.254891 0 -0.0209252 -0.00147162 0.0151031 -0.0209252 -0.00147162 0.0151031 0 0 0 4.75883e-06 -3.3125e-05 -4.93308e-05 0 0 0 0 0 0 0 0 0 14.1813 8.96903 1 0
21 118 0 -0.0204139 -0.951028 0.308431 1.30398 1.40398 0 -0.209138 -0.159067 -0.50206 -0.209138 -0.159067 -0.50206 0 0 0 1.32127e-06 3.72369e-06 1.09803e-05 0 0 0 0 0 0 0 0 0 14.359 9.08145 1 0
22 28 0 -0.88821 0.440559 -0.130349 0.746483 0.846483 0 0.0439727 0.0513713 -0.122817 0.0439727 0.0513713 -0.122817 0 0 0 -6.91982e-08 2.77496e-06 9.60059e-06 0 0 0 0 0 0 0 0 0 14.2206 8.99389 1 0
22 79 0 -0.434708 0.376184 0.818239 0.55076 0.65076 0 -0.00797816 -0.126334 0.0535847 -0.00797816 -0.126334 0.0535847 0 0 0 -4.48754e-05 0.000240945 -0.000133127 0 0 0 0 0 0 0 0 0 14.0323 8.87483 1 0
22 98 0 -0.304233 -0.91152 0.27672 2.05007 2.15007 0 -0.00245954 -0.161736 -0.558531 -0.00245954 -0.161736 -0.558531 0 0 0 2.09981e-05 -2.33414e-06 1.5997e-05 0 0 0 0 0 0 0 0 0 14.0718 8.89982 1 0
22 100 0 0.188547 0.510419 -0.839001 0.482037 0.582037 0 0.153711 -0.156675 -0.0607858 0.153711 -0.156675 -0.0607858 0 0 0 -8.73446e-05 1.70211e-06 -1.83051e-05 0 0 0 0 0 0 0 0 0 14.156 8.95303 1 0
23 33 0 -0.89315 -0.371356 0.253729 1.86974 1.96974 0 -0.320295 0.717104 -0.0823675 -0.320295 0.717104 -0.0823675 0 0 0 7.60596e-05 -0.000154422 3.72816e-05 0 0 0 0 0 0 0 0 0 14.4712 9.15238 1 0
23 43 0 0.352084 -0.931878 0.087405 2.75215 2.85215 0 -0.116655 -0.0287312 0.198078 -0.116655 -0.0287312 0.198078 0 0 0 -2.55027e-05 -9.13231e-06 2.54735e-06 0 0 0 0 0 0 0 0 0 14.3857 9.0983 1 0
23 57 0 0.974478 -0.0910459 0.205193 0.541922 0.641922 0 0.0107295 0.119315 0.00203012 0.0107295 0.119315 0.00203012 0 0 0 -1.98999e-05 -4.8546e-06 9.20488e-05 0 0 0 0 0 0 0 0 0 14.433 9.12826 1 0
23 77 0 -0.344893 0.54383 0.765048 2.10265 2.20265 0 -0.32455 -0.0395086 -0.124223 -0.32455 -0.0395086 -0.124223 0 0 0 2.77373e-05 1.04383e-07 1.3325e-05 0 0 0 0 0 0 0 0 0 14.4384 9.13163 1 0
23 82 0 0.685028 0.233935 -0.689936 3.13478 3.23478 0 -0.498571 0.663347 -0.265509 -0.498571 0.663347 -0.265509 0 0 0 3.39048e-06 -7.03185e-06 7.73277e-07 0 0 0 0 0 0 0 0 0 14.3725 9.08998 1 0
24 59 0 -0.730948 -0.654576 -0.192992 1.89581 1.99581 0 -0.10853 0.199962 -0.251559 -0.10853 0.199962 -0.251559 0 0 0 1.49383e-05 -1.26777e-05 -1.61005e-05 0 0 0 0 0 0 0 0 0 14.3474 9.0741 1 0
24 69 0 0.137697 -0.0839125 0.986913 1.15657 1.25657 0 -0.534004 0.107084 0.0835785 -0.534004 0.107084 0.0835785 0 0 0 9.66903e-05 -3.21397e-05 -1.6048e-05 0 0 0 0 0 0 0 0 0 14.3372 9.06762 1 0
24 72 0 -0.272554 0.743751 0.610368 0.439522 0.539522 0 0.133384 0.0553726 -0.00809241 0.133384 0.0553726 -0.00809241 0 0 0 3.55984e-05 1.90908e-05 -6.89164e-06 0 0 0 0 0 0 0 0 0 14.3364 9.06711 1 0
24 88 0 0.87805 -0.371548 0.301629 1.19377 1.29377 0 0.129794 0.155775 -0.185828 0.129794 0.155775 -0.185828 0 0 0 -8.08637e-06 -1.27021e-05 7.93529e-06 0 0 0 0 0 0 0 0 0 14.2639 9.02126 1 0
25 34 0 0.750542 -0.574939 -0.325778 0.647915 0.747915 0 0.0731798 0.109696 0.107181 0.0731798 0.109696 0.107181 0 0 0 6.22544e-05 -1.51252e-05 0.00012539 0 0 0 0 0 0 0 0 0 14.154 8.95177 1 0
25 65 0 0.0686641 0.852941 -0.517472 3.11838 3.21838 0 -0.274001 -0.328962 -0.573367 -0.274001 -0.328962 -0.573367 0 0 0 3.941e-06 5.34636e-06 9.43916e-06 0 0 0 0 0 0 0 0 0 14.0572 8.89056 1 0
25 108 0 0.704972 0.12049 0.698925 1.57206 1.67206 0 0.097172 -0.70155 0.0223394 0.097172 -0.70155 0.0223394 0 0 0 -2.60539e-05 -2.14852e-05 3.08822e-05 0 0 0 0 0 0 0 0 0 14.1279 8.93526 1 0
27 47 0 -0.229769 -0.973106 0.016454 1.1075 1.2075 0 -0.0374703 0.0134401 0.136936 -0.0374703 0.0134401 0.136936 0 0 0 6.43457e-06 -1.77938e-06 -2.596e-06 0 0 0 0 0 0 0 0 0 14.0581 8.89109 1 0
27 50 0 0.807907 -0.513955 -0.288335 -0.00161173 0.0983883 0 -0.000917729 -0.00221031 0.00136578 -0.000917729 -0.00221031 0.00136578 0 0 0 -1.45383e-08 1.94437e-09 -4.48425e-08 0 0 0 0 0 0 0 0 0 13.9618 8.83021 1 0
27 82 0 -0.326778 0.927127 0.183446 1.03493 1.13493 0 -0.224144 -0.130722 0.256426 -0.224144 -0.130722 0.256426 0 0 0 4.98271e-05 3.03249e-05 -6.0019e-05 0 0 0 0 0 0 0 0 0 14.184 8.97073 1 0
27 93 0 0.69379 0.435567 -0.573531 1.04331 1.14331 0 0.13266 -0.217554 -0.00490193 0.13266 -0.217554 -0.00490193 0 0 0 -1.17096e-05 -1.60115e-06 -1.35586e-05 0 0 0 0 0 0 0 0 0 14.208 8.98592 1 0
28 85 0 -0.758085 -0.074553 -0.64788 1.0618 1.1618 0 -0.133767 -0.00253504 0.157404 -0.133767 -0.00253504 0.157404 0 0 0 5.01686e-06 -2.40787e-06 -5.63941e-06 0 0 0 0 0 0 0 0 0 14.358 9.08078 1 0
29 59 0 0.785217 -0.0202782 -0.618889 3.82383 3.92383 0 -0.229198 -0.0169276 -0.290441 -0.229198 -0.0169276 -0.290441 0 0 0 -3.28889e-05 -6.36597e-06 -3.64418e-05 0 0 0 0 0 0 0 0 0 14.3877 9.09955 1 0
29 82 0 0.205211 -0.652832 0.729176 3.24763 3.34763 0 -0.945932 0.401342 0.611667 -0.945932 0.401342 0.611667 0 0 0 1.60443e-05 -2.19334e-05 -2.01091e-05 0 0 0 0 0 0 0 0 0 14.3467 9.07362 1 0
29 122 0 -0.101697 -0.354305 -0.929584 0.345893 0.445893 0 0.122056 -0.0826971 0.0181616 0.122056 -0.0826971 0.0181616 0 0 0 -2.49006e-05 2.35591e-05 -6.3237e-06 0 0 0 0 0 0 0 0 0 14.3863 9.09869 1 0
29 123 0 -0.895447 -0.321591 -0.30782 0.764919 0.864919 0 0.0385712 -0.063331 -0.0408792 0.0385712 -0.063331 -0.0408792 0 0 0 1.43595e-07 1.32304e-05 -1.52382e-05 0 0 0 0 0 0 0 0 0 14.3997 9.10716 1 0
29 124 0 -0.50284 0.82855 -0.246288 2.84073 2.94073 0 -0.505932 -0.0258254 0.956548 -0.505932 -0.0258254 0.956548 0 0 0 4.15757e-06 -3.87476e-06 -2.02119e-05 0 0 0 0 0 0 0 0 0 14.4678 9.15023 1 0
30 45 0 0.694759 -0.426796 0.578926 -0.0129343 0.0870657 0 -0.0019045 -0.003604 -0.000370755 -0.0019045 -0.003604 -0.000370755 0 0 0 4.01389e-08 2.71688e-08 -1.88563e-08 0 0 0 0 0 0 0 0 0 14.0711 8.89932 1 0
30 49 0 -0.606639 -0.730891 -0.312709 0.207769 0.307769 0 0.0183905 -0.00499094 -0.0237004 0.0183905 -0.00499094 -0.0237004 0 0 0 -1.24001e-06 -5.28869e-07 3.60801e-06 0 0 0 0 0 0 0 0 0 14.1407 8.94338 1 0
30 54 0 0.403544 -0.51743 -0.754598 1.39408 1.49408 0 0.343415 0.194379 0.0514153 0.343415 0.194379 0.0514153 0 0 0 -1.63851e-05 1.29682e-06 -9.66052e-06 0 0 0 0 0 0 0 0 0 14.1989 8.98016 1 0
30 81 0 -0.927612 0.209975 0.308943 1.10241 1.20241 0 0.0350969 0.191127 -0.023343 0.0350969 0.191127 -0.023343 0 0 0 -3.85524e-06 -6.19338e-06 -7.24589e-06 0 0 0 0 0 0 0 0 0 14.0447 8.88266 1 0
31 47 0 0.537398 0.836305 0.108612 0.726567 0.826567 0 -0.0393034 0.0288951 -0.0255929 -0.0393034 0.0288951 -0.0255929 0 0 0 2.16342e-05 -1.28794e-05 -6.83589e-06 0 0 0 0 0 0 0 0 0 13.972 8.83669 1 0
31 48 0 -0.4933 0.354163 -0.794496 1.33765 1.43765 0 0.199604 -0.0897654 -0.162554 0.199604 -0.0897654 -0.162554 0 0 0 -7.35347e-05 4.99107e-05 6.25495e-05 0 0 0 0 0 0 0 0 0 13.9491 8.82217 1 0
31 100 0 -0.102836 0.552902 0.826876 1.15311 1.25311 0 0.264081 0.0899809 -0.0264165 0.264081 0.0899809 -0.0264165 0 0 0 -8.07924e-05 6.25528e-06 -1.5444e-05 0 0 0 0 0 0 0 0 0 14.0658 8.89597 1 0
31 115 0 -0.0961822 -0.95724 0.27284 1.74492 1.84492 0 0.131439 -0.0777385 -0.231158 0.131439 -0.0777385 -0.231158 0 0 0 -8.50671e-05 2.45395e-05 6.62575e-05 0 0 0 0 0 0 0 0 0 14.2233 8.99561 1 0
32 70 0 0.927364 0.246226 -0.281723 1.29599 1.39599 0 0.125039 -0.127715 0.334091 0.125039 -0.127715 0.334091 0 0 0 -1.50491e-05 1.72977e-05 -3.87599e-05 0 0 0 0 0 0 0 0 0 14.3512 9.07647 1 0
32 78 0 -0.739494 -0.522633 -0.424268 1.18173 1.28173 0 0.0932133 -0.343729 0.256562 0.0932133 -0.343729 0.256562 0 0 0 -7.12289e-06 -1.28993e-06 1.35265e-05 0 0 0 0 0 0 0 0 0 14.1265 8.93435 1 0
32 89 0 -0.673258 0.736834 -0.0616338 0.884245 0.984245 0 0.0965922 0.11575 0.31058 0.0965922 0.11575 0.31058 0 0 0 6.02157e-06 6.41476e-08 -6.29593e-05 0 0 0 0 0 0 0 0 0 14.3963 9.10503 1 0
32 102 0 -0.848134 -0.048638 0.527545 0.0505699 0.15057 0 -0.00460355 0.0051157 -0.00692869 -0.00460355 0.0051157 -0.00692869 0 0 0 -7.77587e-07 -1.6877e-06 -1.40602e-06 0 0 0 0 0 0 0 0 0 14.428 9.12505 1 0
33 60 0 -0.622655 -0.43487 0.65053 2.0101 2.1101 0 -0.0654451 0.158324 0.0457762 -0.0654451 0.158324 0.0457762 0 0 0 -5.02369e-05 4.43157e-05 -1.41783e-05 0 0 0 0 0 0 0 0 0 14.1598 8.95543 1 0
33 61 0 0.430381 0.000752306 0.902647 0.458205 0.558205 0 0.0397904 -0.214665 -0.0188221 0.0397904 -0.214665 -0.0188221 0 0 0 -0.000112421 0.000326219 5.67348e-05 0 0 0 0 0 0 0 0 0 14.1943 8.97729 1 0
33 83 0 -0.191155 0.893777 -0.405737 4.20683 4.30683 0 -0.517986 -0.210387 -0.277396 -0.517986 -0.210387 -0.277396 0 0 0 -0.000115204 0.000106395 0.000168837 0 0 0 0 0 0 0 0 0 14.4416 9.13369 1 0
33 90 0 0.32875 -0.891618 -0.311354 3.76085 3.86085 0 0.215148 0.0518086 0.0961896 0.215148 0.0518086 0.0961896 0 0 0 -3.52633e-05 -2.39064e-05 3.56329e-05 0 0 0 0 0 0 0 0 0 14.2162 8.99113 1 0
34 66 0 -0.746752 -0.633696 -0.201968 1.20743 1.30743 0 -0.00785353 0.0379149 -0.0914246 -0.00785353 0.0379149 -0.0914246 0 0 0 7.18247e-06 -2.83342e-05 6.58757e-05 0 0 0 0 0 0 0 0 0 14.1017 8.91869 1 0
34 111 0 0.901533 0.347068 0.258424 1.54469 1.64469 0 0.0763838 -0.0716996 -0.167792 0.0763838 -0.0716996 -0.167792 0 0 0 -3.81919e-07 3.58499e-07 8.38962e-07 0 0 0 0 0 0 0 0 0 14.0472 8.88424 1 0
35 99 0 0.345947 0.474218 0.809591 1.79914 1.89914 0 0.691282 -0.326452 -0.101517 0.691282 -0.326452 -0.101517 0 0 0 -0.000146644 0.000164365 -3.91188e-05 0 0 0 0 0 0 0 0 0 14.2694 9.02476 1 0
35 101 0 -0.197931 -0.394795 0.897196 3.05322 3.15322 0 -0.987345 0.114015 -0.194536 -0.987345 0.114015 -0.194536 0 0 0 2.84716e-06 1.51266e-06 1.22321e-06 0 0 0 0 0 0 0 0 0 14.4173 9.11828 1 0
35 102 0 0.610523 0.643729 -0.461383 1.43338 1.53338 0 -0.257304 0.149053 -0.134791 -0.257304 0.149053 -0.134791 0 0 0 -9.20693e-06 9.89279e-06 1.08491e-06 0 0 0 0 0 0 0 0 0 14.3902 9.10113 1 0
36 40 0 0.924138 -0.379374 -0.0452089 3.27989 3.37989 0 0.217251 0.710697 0.399236 0.217251 0.710697 0.399236 0 0 0 -2.32176e-06 -1.18492e-05 -1.2037e-05 0 0 0 0 0 0 0 0 0 14.129 8.93593 1 0
36 83 0 -0.624943 -0.75288 -0.20644 4.00208 4.10208 0 -0.726958 0.641369 -0.112964 -0.726958 0.641369 -0.112964 0 0 0 0.00027628 -0.000223574 -1.74529e-05 0 0 0 0 0 0 0 0 0 14.2679 9.02378 1 0
36 98 0 0.136027 0.37415 0.917338 1.57638 1.67638 0 0.198487 0.217423 -0.115554 0.198487 0.217423 -0.115554 0 0 0 -0.000112191 6.36e-05 -8.92106e-06 0 0 0 0 0 0 0 0 0 14.0485 8.88507 1 0
36 107 0 -0.636607 0.0911274 -0.765785 0.301589 0.401589 0 -0.0124939 0.101547 0.0226366 -0.0124939 0.101547 0.0226366 0 0 0 -7.26586e-07 -5.77941e-06 -8.84226e-08 0 0 0 0 0 0 0 0 0 14.1543 8.95197 1 0
37 58 0 -0.0309986 -0.599733 -0.799599 1.00539 1.10539 0 0.205692 0.0807012 -0.0666263 0.205692 0.0807012 -0.0666263 0 0 0 -4.2623e-05 -2.30201e-05 1.97851e-05 0 0 0 0 0 0 0 0 0 14.1447 8.94592 1 0
37 71 0 -0.460725 0.717214 0.522815 0.889104 0.989104 0 0.182912 0.0560637 0.100097 0.182912 0.0560637 0.100097 0 0 0 -2.80421e-06 -1.63681e-06 -4.01858e-07 0 0 0 0 0 0 0 0 0 14.0072 8.85892 1 0
37 108 0 -0.290306 -0.906953 0.305218 0.283132 0.383132 0 0.0120512 0.0381089 0.124707 0.0120512 0.0381089 0.124707 0 0 0 8.28482e-06 -7.47072e-05 -0.000212582 0 0 0 0 0 0 0 0 0 13.9585 8.82812 1 0
38 52 0 0.598269 0.686739 0.412872 0.133899 0.233899 0 0.00245491 -0.0136531 0.0190799 0.00245491 -0.0136531 0.0190799 0 0 0 -2.83431e-06 2.7839e-06 -4.98721e-07 0 0 0 0 0 0 0 0 0 14.2856 9.035 1 0
38 63 0 -0.501658 -0.851304 -0.153692 0.0101975 0.110198 0 0.00232968 -0.00118859 -0.00102492 0.00232968 -0.00118859 -0.00102492 0 0 0 7.67502e-06 -4.9922e-07 -2.24013e-05 0 0 0 0 0 0 0 0 0 14.3902 9.10118 1 0
38 66 0 -0.524384 0.261269 -0.810408 0.11777 0.21777 0 0.00446396 -0.0126984 -0.00698199 0.00446396 -0.0126984 -0.00698199 0 0 0 -2.05266e-06 -9.22846e-06 -1.64502e-06 0 0 0 0 0 0 0 0 0 14.2655 9.02231 1 0
38 103 0 -0.810016 -0.134963 0.570666 0.114883 0.214883 0 0.0130665 -0.00024126 0.0185047 0.0130665 -0.00024126 0.0185047 0 0 0 -2.46808e-07 1.85847e-06 1.27177e-07 0 0 0 0 0 0 0 0 0 14.2407 9.00663 1 0
38 105 0 0.525738 -0.643785 -0.556005 0.105481 0.205481 0 0.00205074 -0.00284814 0.00523666 0.00205074 -0.00284814 0.00523666 0 0 0 6.63488e-06 1.60078e-05 -1.22919e-05 0 0 0 0 0 0 0 0 0 14.3115 9.05142 1 0
39 109 0 0.119433 -0.665218 -0.737035 1.62533 1.72533 0 -0.0800856 0.393623 -0.36809 -0.0800856 0.393623 -0.36809 0 0 0 2.40565e-05 -2.9168e-05 2.89155e-05 0 0 0 0 0 0 0 0 0 14.2321 9.00117 1 0
40 82 0 0.240755 -0.668137 -0.704009 1.58681 1.68681 0 -0.442261 -0.222889 0.0667822 -0.442261 -0.222889 0.0667822 0 0 0 2.00994e-05 1.55329e-05 -7.85632e-06 0 0 0 0 0 0 0 0 0 14.2025 8.98243 1 0
40 92 0 0.754328 -0.122996 0.644873 4.70088 4.80088 0 0.102325 -0.233189 -0.265258 0.102325 -0.233189 -0.265258 0 0 0 -1.75046e-05 -7.27223e-06 2.00007e-05 0 0 0 0 0 0 0 0 0 14.1829 8.97004 1 0
40 115 0 -0.287221 0.652734 -0.701029 2.16066 2.26066 0 0.280805 0.150528 0.0497749 0.280805 0.150528 0.0497749 0 0 0 -1.11628e-05 -4.19891e-06 6.22668e-07 0 0 0 0 0 0 0 0 0 14.3331 9.06504 1 0
41 63 0 -0.196853 0.947406 0.252331 0.0339101 0.13391 0 -0.00642545 0.000599721 -0.00726883 -0.00642545 0.000599721 -0.00726883 0 0 0 1.27616e-07 8.88511e-10 1.07198e-07 0 0 0 0 0 0 0 0 0 14.1133 8.92606 1 0
41 86 0 0.962355 -0.014953 -0.271385 2.30164 2.40164 0 -0.236077 0.121252 -0.636725 -0.236077 0.121252 -0.636725 0 0 0 1.64901e-05 1.3474e-05 3.95838e-05 0 0 0 0 0 0 0 0 0 14.0015 8.85531 1 0
41 92 0 -0.645973 -0.0998887 0.756797 2.23722 2.33722 0 -0.520637 0.103911 -0.433049 -0.520637 0.103911 -0.433049 0 0 0 1.91452e-05 1.76003e-06 1.68393e-05 0 0 0 0 0 0 0 0 0 13.9958 8.85171 1 0
42 86 0 0.405041 0.46486 0.787303 2.19601 2.29601 0 0.0237889 0.0833685 -0.0580408 0.0237889 0.0833685 -0.0580408 0 0 0 7.86153e-05 -2.45515e-05 -2.48651e-05 0 0 0 0 0 0 0 0 0 14.0721 8.9 1 0
42 88 0 0.502725 0.760662 -0.410683 0.962987 1.06299 0 0.00321153 0.0113662 0.0277356 0.00321153 0.0113662 0.0277356 0 0 0 -1.40201e-05 -1.52837e-06 -2.04852e-05 0 0 0 0 0 0 0 0 0 14.0445 8.88253 1 0
42 93 0 -0.684975 -0.661378 -0.305594 2.87245 2.97245 0 -0.249521 0.125074 0.293362 -0.249521 0.125074 0.293362 0 0 0 1.59361e-06 -6.55415e-07 -2.06897e-06 0 0 0 0 0 0 0 0 0 14.109 8.9233 1 0
42 104 0 0.359675 -0.17568 -0.91639 0.863837 0.963837 0 0.249809 0.325158 0.0357856 0.249809 0.325158 0.0357856 0 0 0 -7.64914e-06 -8.03163e-06 -1.46952e-06 0 0 0 0 0 0 0 0 0 14.04 8.8797 1 0
43 90 0 -0.933382 -0.32914 -0.143053 1.51589 1.61589 0 0.189557 -0.459988 -0.171723 0.189557 -0.459988 -0.171723 0 0 0 -4.45317e-06 8.16966e-06 1.05196e-05 0 0 0 0 0 0 0 0 0 14.1351 8.93985 1 0
44 75 0 -0.880548 -0.195558 0.431732 0.330241 0.430241 0 0.00313072 -0.103533 -0.0412368 0.00313072 -0.103533 -0.0412368 0 0 0 -9.22659e-07 -1.87955e-05 -9.48562e-06 0 0 0 0 0 0 0 0 0 14.1211 8.93097 1 0
44 96 0 0.424748 0.867277 0.259653 0.295627 0.395627 0 0.0623115 -0.0110404 -0.0649529 0.0623115 -0.0110404 -0.0649529 0 0 0 -2.22121e-05 6.7777e-06 1.3863e-05 0 0 0 0 0 0 0 0 0 14.4687 9.15078 1 0
44 103 0 0.614427 0.145426 -0.775455 0.11665 0.21665 0 0.0159875 0.000290803 0.0127138 0.0159875 0.000290803 0.0127138 0 0 0 8.86266e-06 8.57592e-06 8.62654e-06 0 0 0 0 0 0 0 0 0 14.2925 9.03935 1 0
44 121 0 0.434582 -0.838514 -0.328683 0.0961364 0.196136 0 -0.0296553 -0.0138786 -0.00380504 -0.0296553 -0.0138786 -0.00380504 0 0 0 1.79799e-06 2.46482e-06 -3.94274e-06 0 0 0 0 0 0 0 0 0 14.3993 9.10693 1 0
45 75 0 0.844623 0.146003 0.515069 -0.0154668 0.0845332 0 0.00147622 0.00265798 -0.0031751 0.00147622 0.00265798 -0.0031751 0 0 0 -7.38111e-09 -1.32899e-08 1.58755e-08 0 0 0 0 0 0 0 0 0 13.8357 8.75047 1 0
45 98 0 0.657812 -0.415694 -0.628078 -0.00223793 0.0977621 0 0.00216883 0.000586241 0.00187723 0.00216883 0.000586241 0.00187723 0 0 0 -1.08442e-08 -2.93121e-09 -9.38613e-09 0 0 0 0 0 0 0 0 0 13.9283 8.80902 1 0
46 73 0 0.430915 0.122313 -0.894065 2.41288 2.51288 0 0.401181 0.337941 0.237667 0.401181 0.337941 0.237667 0 0 0 -1.28893e-06 -1.05672e-06 -7.63178e-07 0 0 0 0 0 0 0 0 0 14.0083 8.8596 1 0
46 88 0 -0.522691 0.252557 0.814254 1.07449 1.17449 0 0.102566 -0.0430591 0.0794264 0.102566 -0.0430591 0.0794264 0 0 0 -6.03038e-05 -6.47618e-05 -1.79858e-05 0 0 0 0 0 0 0 0 0 14.173 8.96376 1 0
46 104 0 -0.665204 -0.67842 0.311849 1.54217 1.64217 0 0.0439888 0.184862 0.484351 0.0439888 0.184862 0.484351 0 0 0 1.3379e-06 -1.01882e-06 6.13657e-07 0 0 0 0 0 0 0 0 0 14.1684 8.96085 1 0
47 66 0 0.841453 -0.402598 0.360377 0.494573 0.594573 0 0.0412313 -0.0411195 -0.142371 0.0412313 -0.0411195 -0.142371 0 0 0 4.77175e-06 2.75983e-05 1.97411e-05 0 0 0 0 0 0 0 0 0 14.0899 8.91124 1 0
47 94 0 -0.940888 0.329526 -0.0783763 -0.00536778 0.0946322 0 -0.00277602 -0.00586965 0.0086477 -0.00277602 -0.00586965 0.0086477 0 0 0 5.75607e-08 1.7356e-07 3.86728e-08 0 0 0 0 0 0 0 0 0 13.9267 8.80801 1 0
47 100 0 -0.637333 -0.279516 0.718107 0.422936 0.522936 0 -0.130902 -0.0616624 -0.140164 -0.130902 -0.0616624 -0.140164 0 0 0 7.92475e-06 1.2856e-05 1.20334e-05 0 0 0 0 0 0 0 0 0 14.0793 8.90454 1 0
48 62 0 0.414915 0.482669 -0.771282 2.81698 2.91698 0 0.104622 0.0430145 0.0816105 0.104622 0.0430145 0.0816105 0 0 0 1.77524e-06 -6.8001e-07 5.41717e-07 0 0 0 0 0 0 0 0 0 13.8707 8.77263 1 0
48 74 0 -0.481059 -0.63082 0.608809 1.53249 1.63249 0 0.508562 -0.200427 0.195254 0.508562 -0.200427 0.195254 0 0 0 -9.60646e-05 7.10602e-05 -3.60307e-06 0 0 0 0 0 0 0 0 0 14.0086 8.85984 1 0
49 71 0 -0.383038 -0.891903 0.240398 0.336376 0.436376 0 -0.01598 0.0246394 0.0642846 -0.01598 0.0246394 0.0642846 0 0 0 -3.15709e-06 -6.31008e-06 -2.74643e-05 0 0 0 0 0 0 0 0 0 14.0197 8.86686 1 0
49 105 0 0.148103 0.277987 -0.949099 0.260658 0.360658 0 -0.00143002 0.046068 0.0135695 -0.00143002 0.046068 0.0135695 0 0 0 1.10192e-06 -3.11587e-06 -7.75087e-07 0 0 0 0 0 0 0 0 0 14.1335 8.93884 1 0
50 93 0 -0.105917 0.950965 -0.290597 -0.00161168 0.0983883 0 -0.00239058 0.000150761 0.00136216 -0.00239058 0.000150761 0.00136216 0 0 0 -1.32914e-05 -2.18813e-06 1.07663e-06 0 0 0 0 0 0 0 0 0 14.0351 8.87659 1 0
51 73 0 -0.587283 -0.219705 -0.778992 0.672948 0.772948 0 0.197823 -0.131814 -0.111939 0.197823 -0.131814 -0.111939 0 0 0 -0.000132533 5.40345e-05 8.30276e-05 0 0 0 0 0 0 0 0 0 14.0403 8.87989 1 0
51 75 0 0.237744 0.969183 -0.0645198 1.75634 1.85634 0 -0.297956 0.0365057 -0.557255 -0.297956 0.0365057 -0.557255 0 0 0 2.67486e-05 -4.43785e-06 3.11795e-05 0 0 0 0 0 0 0 0 0 14.0358 8.877 1 0
51 80 0 -0.668005 0.495757 0.554972 0.290144 0.390144 0 0.00268347 0.0133305 -0.00866847 0.00268347 0.0133305 -0.00866847 0 0 0 1.35781e-05 -1.02173e-05 2.47703e-05 0 0 0 0 0 0 0 0 0 14.0896 8.91108 1 0
51 119 0 -0.154985 -0.952096 -0.263613 2.77316 2.87316 0 -0.315169 0.176818 -0.349532 -0.315169 0.176818 -0.349532 0 0 0 5.10913e-06 -4.06806e-06 9.27072e-06 0 0 0 0 0 0 0 0 0 14.2168 8.99147 1 0
51 123 0 -0.0290618 -0.674127 0.738044 0.154624 0.254624 0 0.0599883 0.0124926 0.0137743 0.0599883 0.0124926 0.0137743 0 0 0 2.74637e-06 -9.03174e-06 -8.13865e-06 0 0 0 0 0 0 0 0 0 14.3005 9.04442 1 0
51 124 0 0.363189 0.481992 0.797357 2.48435 2.58435 0 0.0561034 -0.25842 0.126149 0.0561034 -0.25842 0.126149 0 0 0 -6.77623e-06 -3.03168e-05 2.1466e-05 0 0 0 0 0 0 0 0 0 14.3672 9.08661 1 0
52 78 0 0.724878 -0.00659339 0.688845 1.88229 1.98229 0 0.130954 -0.601733 -0.142921 0.130954 -0.601733 -0.142921 0 0 0 2.23011e-05 8.40045e-05 -2.16401e-05 0 0 0 0 0 0 0 0 0 14.0195 8.86673 1 0
52 85 0 0.373238 -0.446015 -0.813489 1.89481 1.99481 0 0.501439 0.0798509 0.184229 0.501439 0.0798509 0.184229 0 0 0 1.93794e-05 -3.19881e-05 2.36652e-05 0 0 0 0 0 0 0 0 0 14.3228 9.05854 1 0
52 108 0 -0.432461 0.901638 -0.00515326 1.58428 1.68428 0 -0.0953386 -0.0482269 -0.528114 -0.0953386 -0.0482269 -0.528114 0 0 0 -3.86633e-05 -1.84888e-05 2.92661e-05 0 0 0 0 0 0 0 0 0 14.0952 8.91456 1 0
52 109 0 -0.984458 0.0875509 0.152238 1.94339 2.04339 0 0.0721918 -0.0926627 0.51827 0.0721918 -0.0926627 0.51827 0 0 0 -9.48439e-06 0.000234044 -2.94653e-05 0 0 0 0 0 0 0 0 0 14.1904 8.97477 1 0
53 56 0 0.44459 -0.695569 0.564378 -0.0142552 0.0857448 0 0.00774136 -4.56912e-05 -0.00615415 0.00774136 -4.56912e-05 -0.00615415 0 0 0 -6.10308e-08 -5.12913e-08 -1.74642e-08 0 0 0 0 0 0 0 0 0 14.1162 8.9279 1 0
53 70 0 0.338828 -0.469357 -0.815414 -0.00794725 0.0920527 0 0.00179931 -0.00570316 0.00403145 0.00179931 -0.00570316 0.00403145 0 0 0 9.59657e-09 -2.30423e-08 1.72611e-08 0 0 0 0 0 0 0 0 0 14.0905 8.91164 1 0
53 119 0 -0.540251 0.698319 -0.469551 -0.00810249 0.0918975 0 0.00185382 0.0013213 -0.00016652 0.00185382 0.0013213 -0.00016652 0 0 0 6.24689e-08 -8.5851e-09 -8.47953e-08 0 0 0 0 0 0 0 0 0 14.0574 8.89065 1 0
54 105 0 -0.861184 0.0654569 -0.50406 0.674188 0.774188 0 0.0445799 0.320082 -0.0345969 0.0445799 0.320082 -0.0345969 0 0 0 -6.75201e-06 -3.51483e-05 6.86748e-06 0 0 0 0 0 0 0 0 0 14.1916 8.97556 1 0
54 113 0 -0.313306 -0.905215 0.287098 1.10864 1.20864 0 0.292625 -0.0686443 0.0980648 0.292625 -0.0686443 0.0980648 0 0 0 -4.35192e-05 1.04322e-05 -5.19296e-06 0 0 0 0 0 0 0 0 0 14.0231 8.86901 1 0
55 98 0 -0.902658 -0.109908 0.416087 0.893001 0.993001 0 -0.111353 -0.0402512 -0.249223 -0.111353 -0.0402512 -0.249223 0 0 0 5.92957e-06 3.89956e-05 2.26139e-05 0 0 0 0 0 0 0 0 0 14.1061 8.92151 1 0
55 106 0 0.317888 0.629058 -0.70939 1.10608 1.20608 0 -0.18936 -0.120157 -0.193336 -0.18936 -0.120157 -0.193336 0 0 0 3.84253e-06 3.72459e-06 5.0886e-06 0 0 0 0 0 0 0 0 0 14.0925 8.9129 1 0
55 121 0 0.596399 -0.20623 0.775743 1.20313 1.30313 0 0.0376328 -0.189106 -0.077691 0.0376328 -0.189106 -0.077691 0 0 0 4.96406e-06 1.74984e-05 8.25357e-07 0 0 0 0 0 0 0 0 0 14.2816 9.03246 1 0
56 94 0 -0.577529 -0.239248 0.780526 -0.0142548 0.0857452 0 -0.00682909 0.00645941 -0.00307326 -0.00682909 0.00645941 -0.00307326 0 0 0 3.41455e-08 -3.2297e-08 1.53663e-08 0 0 0 0 0 0 0 0 0 14.077 8.90308 1 0
57 65 0 0.706639 0.0859657 -0.702333 1.53399 1.63399 0 -0.00666328 -0.101846 -0.0180347 -0.00666328 -0.101846 -0.0180347 0 0 0 -2.30325e-05 -1.79987e-05 -2.54868e-05 0 0 0 0 0 0 0 0 0 14.0812 8.90575 1 0
57 82 0 -0.293826 0.32625 -0.898458 0.834157 0.934157 0 -0.185666 0.257418 0.154105 -0.185666 0.257418 0.154105 0 0 0 -5.06741e-06 -4.86552e-06 -1.07137e-07 0 0 0 0 0 0 0 0 0 14.2954 9.04122 1 0
57 92 0 0.216094 0.869912 0.443348 0.791361 0.891361 0 -0.145619 -0.0346101 0.139638 -0.145619 -0.0346101 0.139638 0 0 0 5.41155e-06 -4.79014e-06 6.70861e-06 0 0 0 0 0 0 0 0 0 14.2754 9.02858 1 0
58 65 0 -0.895629 0.430615 -0.111439 1.11107 1.21107 0 -0.073594 -0.0751356 0.3044 -0.073594 -0.0751356 0.3044 0 0 0 5.59241e-05 8.00197e-05 -0.000179043 0 0 0 0 0 0 0 0 0 14.0732 8.90069 1 0
58 111 0 0.684854 -0.647563 0.334123 0.814828 0.914828 0 -0.0217525 -0.0850167 -0.122808 -0.0217525 -0.0850167 -0.122808 0 0 0 4.91408e-06 1.32424e-05 1.60205e-05 0 0 0 0 0 0 0 0 0 14.2105 8.98754 1 0
59 91 0 0.185342 -0.117612 0.975611 2.66947 2.76947 0 -0.184537 0.373742 0.079502 -0.184537 0.373742 0.079502 0 0 0 1.2087e-06 -1.9565e-06 -4.57761e-07 0 0 0 0 0 0 0 0 0 14.1976 8.97935 1 0
59 122 0 -0.888885 -0.335119 -0.312374 0.0345855 0.134585 0 0.000203557 0.00336867 -0.00418925 0.000203557 0.00336867 -0.00418925 0 0 0 3.97452e-07 -1.48737e-06 4.64882e-07 0 0 0 0 0 0 0 0 0 14.3157 9.05405 1 0
60 78 0 0.185526 -0.840366 0.509279 0.563312 0.663312 0 -0.179499 0.0661049 0.174552 -0.179499 0.0661049 0.174552 0 0 0 -2.28543e-06 -5.06582e-06 -7.52316e-06 0 0 0 0 0 0 0 0 0 13.8578 8.76445 1 0
60 87 0 -0.633131 -0.0677976 0.77107 0.584282 0.684282 0 -0.0350448 -0.211634 -0.0472905 -0.0350448 -0.211634 -0.0472905 0 0 0 1.18047e-06 8.03966e-07 1.0614e-06 0 0 0 0 0 0 0 0 0 13.8953 8.78814 1 0
60 89 0 0.241244 0.43946 0.865261 0.849774 0.949774 0 0.164417 -0.203956 0.0577101 0.164417 -0.203956 0.0577101 0 0 0 7.42685e-05 7.79518e-05 -4.7737e-05 0 0 0 0 0 0 0 0 0 14.1123 8.9254 1 0
60 108 0 -0.978837 0.0776808 -0.189326 1.16585 1.26585 0 -0.0285458 -0.267771 0.0292054 -0.0285458 -0.267771 0.0292054 0 0 0 -1.93987e-05 4.25288e-05 0.000126819 0 0 0 0 0 0 0 0 0 13.9308 8.81063 1 0
60 111 0 -0.0251719 -0.275265 -0.961039 0.122899 0.222899 0 -0.0336842 -0.0157241 0.00538092 -0.0336842 -0.0157241 0.00538092 0 0 0 4.38873e-06 6.38941e-06 -1.9435e-06 0 0 0 0 0 0 0 0 0 13.9943 8.85075 1 0
61 119 0 -0.0727343 0.672533 0.736484 1.55858 1.65858 0 -0.0363015 0.216361 -0.215198 -0.0363015 0.216361 -0.215198 0 0 0 2.89048e-07 -9.09355e-06 8.91522e-06 0 0 0 0 0 0 0 0 0 14.0704 8.89889 1 0
62 70 0 0.151797 0.799115 -0.581698 2.5707 2.6707 0 0.669976 0.0874626 0.300746 0.669976 0.0874626 0.300746 0 0 0 -0.000130933 3.09684e-06 -3.70572e-05 0 0 0 0 0 0 0 0 0 14.0172 8.86528 1 0
62 79 0 -0.652889 -0.418195 -0.631545 1.31048 1.41048 0 -0.105828 -0.43612 0.398768 -0.105828 -0.43612 0.398768 0 0 0 -3.2309e-07 3.4832e-06 -1.99984e-06 0 0 0 0 0 0 0 0 0 13.8662 8.76975 1 0
62 96 0 0.977786 -0.0633214 -0.199811 1.22769 1.32769 0 -0.0257589 0.32283 -0.222281 -0.0257589 0.32283 -0.222281 0 0 0 6.62965e-06 -2.46172e-05 3.85231e-05 0 0 0 0 0 0 0 0 0 14.1369 8.94097 1 0
63 106 0 -0.765741 0.563576 -0.309876 0.0254534 0.125453 0 0.00360395 0.00851176 0.00658332 0.00360395 0.00851176 0.00658332 0 0 0 1.94443e-06 1.07883e-06 -2.76822e-06 0 0 0 0 0 0 0 0 0 14.2078 8.98583 1 0
64 83 0 0.232664 0.0586116 0.97079 1.53199 1.63199 0 0.29397 -0.457684 -0.0432033 0.29397 -0.457684 -0.0432033 0 0 0 -1.05577e-06 6.21952e-06 -1.19987e-07 0 0 0 0 0 0 0 0 0 14.4027 9.10906 1 0
64 88 0 -0.589437 0.688918 -0.421849 1.30677 1.40677 0 0.0393839 -0.267813 -0.498209 0.0393839 -0.267813 -0.498209 0 0 0 -2.74905e-06 5.11745e-06 1.27654e-05 0 0 0 0 0 0 0 0 0 14.2516 9.01351 1 0
65 91 0 -0.230695 0.770763 -0.59389 3.39859 3.49859 0 0.32804 0.357223 0.325231 0.32804 0.357223 0.325231 0 0 0 1.20684e-05 -1.73779e-06 -6.62648e-06 0 0 0 0 0 0 0 0 0 13.95 8.82277 1 0
65 93 0 0.0228003 -0.25022 -0.967921 1.42676 1.52676 0 0.372199 0.144436 -0.0277136 0.372199 0.144436 -0.0277136 0 0 0 3.78074e-05 -3.81406e-05 1.08565e-05 0 0 0 0 0 0 0 0 0 14.0482 8.88487 1 0
66 72 0 0.110547 -0.664613 -0.738965 1.65499 1.75499 0 0.571875 -0.226638 0.303887 0.571875 -0.226638 0.303887 0 0 0 -2.16282e-05 8.24686e-06 -1.17959e-05 0 0 0 0 0 0 0 0 0 14.2457 9.0098 1 0
66 101 0 0.905117 -0.154242 -0.396199 2.75399 2.85399 0 -0.273775 0.274891 -0.748393 -0.273775 0.274891 -0.748393 0 0 0 7.60131e-05 5.11837e-05 0.00016304 0 0 0 0 0 0 0 0 0 14.3205 9.05708 1 0
66 106 0 -0.75076 -0.560347 0.349815 1.93939 2.03939 0 -0.37148 0.239967 -0.405469 -0.37148 0.239967 -0.405469 0 0 0 2.88735e-05 -3.05995e-05 1.11835e-05 0 0 0 0 0 0 0 0 0 14.0878 8.90989 1 0
67 68 0 -0.817764 0.528812 0.2272 0.199047 0.299047 0 0.000778518 -0.0140098 0.0353997 0.000778518 -0.0140098 0.0353997 0 0 0 -3.06577e-07 5.37404e-07 -2.35369e-06 0 0 0 0 0 0 0 0 0 14.263 9.02069 1 0
67 71 0 -0.737519 -0.392012 -0.549903 1.55404 1.65404 0 0.167276 -0.0351641 -0.18701 0.167276 -0.0351641 -0.18701 0 0 0 -2.1255e-05 7.64199e-06 2.15207e-05 0 0 0 0 0 0 0 0 0 14.0701 8.89873 1 0
67 73 0 0.965649 -0.239297 -0.101289 1.09365 1.19365 0 -0.0151147 -0.020715 -0.081892 -0.0151147 -0.020715 -0.081892 0 0 0 -4.09573e-06 6.21934e-06 -4.90951e-05 0 0 0 0 0 0 0 0 0 13.9555 8.82624 1 0
68 81 0 0.15225 0.905675 -0.395693 2.18373 2.28373 0 -0.337787 0.0937114 0.0806605 -0.337787 0.0937114 0.0806605 0 0 0 0.000111988 -4.42756e-05 -5.0312e-05 0 0 0 0 0 0 0 0 0 14.1131 8.92588 1 0
68 121 0 -0.89528 -0.236753 -0.377389 0.892455 0.992455 0 0.0631257 -0.121758 -0.0714767 0.0631257 -0.121758 -0.0714767 0 0 0 8.6188e-07 -6.11011e-07 -1.60802e-06 0 0 0 0 0 0 0 0 0 14.4028 9.10916 1 0
69 72 0 -0.41127 0.829757 -0.377306 2.38757 2.48757 0 -0.36714 0.0404141 0.497947 -0.36714 0.0404141 0.497947 0 0 0 0.00019639 0.000175019 0.000153984 0 0 0 0 0 0 0 0 0 14.2959 9.04153 1 0
69 86 0 0.644184 -0.580264 0.498318 2.34123 2.44123 0 -0.500596 -0.642482 -0.0968205 -0.500596 -0.642482 -0.0968205 0 0 0 3.947e-05 5.79525e-05 1.93906e-05 0 0 0 0 0 0 0 0 0 14.2527 9.01421 1 0
69 91 0 -0.689508 -0.692374 -0.212593 1.0608 1.1608 0 0.131078 -0.250713 0.391493 0.131078 -0.250713 0.391493 0 0 0 -2.58843e-05 3.89606e-05 -4.33552e-05 0 0 0 0 0 0 0 0 0 14.1877 8.97307 1 0
69 105 0 0.52885 0.586974 0.613008 1.11455 1.21455 0 -0.0223362 0.320498 -0.291151 -0.0223362 0.320498 -0.291151 0 0 0 -3.29568e-05 4.35429e-05 -1.46149e-05 0 0 0 0 0 0 0 0 0 14.2924 9.0393 1 0
70 84 0 0.169446 0.895242 -0.412105 -6.55162e-06 0.0999934 0 1.01547e-06 2.96275e-06 5.95302e-07 1.01547e-06 2.96275e-06 5.95302e-07 0 0 0 6.13817e-07 -1.73828e-07 -7.39325e-08 0 0 0 0 0 0 0 0 0 14.3752 9.09165 1 0
70 117 0 0.614325 0.610493 0.499903 2.4194 2.5194 0 -0.18379 0.561495 -0.459561 -0.18379 0.561495 -0.459561 0 0 0 1.57646e-05 1.34369e-06 -2.1622e-05 0 0 0 0 0 0 0 0 0 14.1082 8.92282 1 0
71 92 0 -0.954213 -0.0936088 -0.284105 1.40746 1.50746 0 -0.00738298 -0.0942471 0.0683692 -0.00738298 -0.0942471 0.0683692 0 0 0 -9.26515e-08 5.74002e-06 -1.73517e-06 0 0 0 0 0 0 0 0 0 14.126 8.93406 1 0
72 101 0 0.792501 0.506715 0.339385 0.496889 0.596889 0 0.116268 -0.106574 -0.113166 0.116268 -0.106574 -0.113166 0 0 0 -6.39475e-07 -1.99727e-06 4.51244e-06 0 0 0 0 0 0 0 0 0 14.3707 9.0888 1 0
72 118 0 -0.379553 0.777521 -0.501399 0.944153 1.04415 0 0.141441 -0.0397474 -0.168083 0.141441 -0.0397474 -0.168083 0 0 0 -2.93482e-06 -7.11952e-07 1.09226e-06 0 0 0 0 0 0 0 0 0 14.3101 9.05049 1 0
72 120 0 -0.868157 -0.0928667 -0.487524 0.962818 1.06282 0 -0.0467379 0.327179 0.0180673 -0.0467379 0.327179 0.0180673 0 0 0 8.66722e-06 -3.25643e-05 -8.94539e-06 0 0 0 0 0 0 0 0 0 14.2027 8.98256 1 0
73 77 0 0.628768 -0.480079 -0.611698 2.10169 2.20169 0 -0.271707 -0.0949515 -0.19874 -0.271707 -0.0949515 -0.19874 0 0 0 -5.76532e-06 -5.27676e-06 -1.51907e-06 0 0 0 0 0 0 0 0 0 14.0901 8.91138 1 0
73 98 0 0.647004 0.634355 -0.42306 2.11572 2.21572 0 -0.142701 -0.131775 -0.395393 -0.142701 -0.131775 -0.395393 0 0 0 -2.91056e-05 1.36647e-05 -2.48135e-05 0 0 0 0 0 0 0 0 0 13.918 8.80254 1 0
73 119 0 0.431942 -0.740847 0.514366 0.043518 0.143518 0 -0.0102375 -0.00319446 0.00399303 -0.0102375 -0.00319446 0.00399303 0 0 0 5.99739e-06 1.89952e-06 -2.30033e-06 0 0 0 0 0 0 0 0 0 13.9985 8.85346 1 0
74 80 0 -0.351861 -0.50972 -0.785098 1.47782 1.57782 0 -0.491294 0.274479 0.0537499 -0.491294 0.274479 0.0537499 0 0 0 4.63614e-06 -3.39957e-06 5.78265e-08 0 0 0 0 0 0 0 0 0 14.0012 8.85515 1 0
74 95 0 -0.236566 0.877657 0.416839 2.62196 2.72196 0 -0.408816 -0.335854 0.455047 -0.408816 -0.335854 0.455047 0 0 0 3.92719e-05 1.2854e-05 -5.86091e-06 0 0 0 0 0 0 0 0 0 14.0818 8.90612 1 0
74 114 0 -0.978619 -0.204282 -0.0239478 0.908365 1.00837 0 -0.012722 0.0545163 0.0510853 -0.012722 0.0545163 0.0510853 0 0 0 1.46542e-05 -6.37846e-05 -9.1149e-05 0 0 0 0 0 0 0 0 0 14.0013 8.85519 1 0
74 124 0 0.680242 -0.511273 -0.525234 3.49069 3.59069 0 0.0693639 -0.698569 0.780608 0.0693639 -0.698569 0.780608 0 0 0 -2.24401e-05 -3.45231e-05 2.25198e-06 0 0 0 0 0 0 0 0 0 14.2735 9.02734 1 0
75 79 0 -0.314714 0.736349 -0.598953 1.60498 1.70498 0 0.340418 0.413899 0.328899 0.340418 0.413899 0.328899 0 0 0 -2.221e-06 -1.48558e-06 -7.87456e-07 0 0 0 0 0 0 0 0 0 13.8754 8.77558 1 0
75 124 0 0.130253 -0.477126 0.869129 0.0550706 0.155071 0 -0.0221265 0.00155695 0.00416931 -0.0221265 0.00155695 0.00416931 0 0 0 7.30706e-06 7.31951e-07 -6.91875e-07 0 0 0 0 0 0 0 0 0 14.1374 8.9413 1 0
76 91 0 0.306207 -0.873801 -0.377768 2.45566 2.55566 0 -0.005818 0.0944304 -0.229013 -0.005818 0.0944304 -0.229013 0 0 0 3.64165e-06 8.47142e-07 7.26605e-07 0 0 0 0 0 0 0 0 0 13.9584 8.82808 1 0
76 106 0 -0.282563 0.78133 0.55649 2.44435 2.54435 0 -0.0284052 0.135222 -0.205274 -0.0284052 0.135222 -0.205274 0 0 0 1.72998e-06 -5.71068e-06 8.83158e-06 0 0 0 0 0 0 0 0 0 13.9095 8.79713 1 0
76 115 0 -0.998302 -0.0577145 0.00785737 0.0266402 0.12664 0 -0.000437358 0.00779797 0.00149197 -0.000437358 0.00779797 0.00149197 0 0 0 -1.01856e-06 1.47264e-05 -2.08114e-05 0 0 0 0 0 0 0 0 0 14.1595 8.95526 1 0
78 79 0 0.892141 -0.441498 0.0957314 1.57445 1.67445 0 0.0227639 0.106472 0.266781 0.0227639 0.106472 0.266781 0 0 0 -6.25899e-06 -1.44065e-05 -8.65178e-06 0 0 0 0 0 0 0 0 0 13.8708 8.77265 1 0
81 103 0 -0.886055 -0.149872 -0.438685 0.00979383 0.109794 0 0.00100786 -4.10265e-05 -0.00202496 0.00100786 -4.10265e-05 -0.00202496 0 0 0 1.89073e-06 -1.09403e-05 -7.61378e-08 0 0 0 0 0 0 0 0 0 13.9708 8.83594 1 0
81 109 0 -0.453044 0.772857 -0.444347 2.6394 2.7394 0 0.143933 -0.138789 -0.37517 0.143933 -0.138789 -0.37517 0 0 0 -1.78106e-05 2.63621e-05 6.06529e-05 0 0 0 0 0 0 0 0 0 13.9691 8.83486 1 0
83 86 0 -0.917619 0.336451 -0.211602 4.16564 4.26564 0 -0.0772963 -0.591563 -0.597929 -0.0772963 -0.591563 -0.597929 0 0 0 6.51623e-05 -5.78909e-05 -0.00041222 0 0 0 0 0 0 0 0 0 14.3295 9.06277 1 0
85 95 0 0.742508 0.190908 -0.642056 1.40335 1.50335 0 -0.208846 -0.341115 -0.344232 -0.208846 -0.341115 -0.344232 0 0 0 -2.80681e-05 5.48867e-05 -1.75581e-05 0 0 0 0 0 0 0 0 0 14.2449 9.00925 1 0
85 101 0 -0.586104 -0.132661 -0.799302 0.214991 0.314991 0 -0.029848 -0.00210385 0.0222287 -0.029848 -0.00210385 0.0222287 0 0 0 -3.17528e-06 1.09039e-05 5.16747e-07 0 0 0 0 0 0 0 0 0 14.429 9.1257 1 0
85 105 0 -0.444366 -0.882387 -0.154697 0.912858 1.01286 0 -0.00170313 0.0623668 -0.351603 -0.00170313 0.0623668 -0.351603 0 0 0 1.75254e-08 -2.23089e-06 1.26899e-05 0 0 0 0 0 0 0 0 0 14.349 9.07508 1 0
87 97 0 0.00608378 0.995154 -0.0981367 0.824576 0.924576 0 0.210778 -0.0122524 -0.109051 0.210778 -0.0122524 -0.109051 0 0 0 2.43886e-06 -3.06918e-06 -3.71443e-05 0 0 0 0 0 0 0 0 0 14.1092 8.92341 1 0
88 114 0 0.24803 0.889581 0.383571 0.659066 0.759066 0 0.242847 -0.101151 0.0774467 0.242847 -0.101151 0.0774467 0 0 0 7.77855e-05 2.19941e-05 -9.70878e-05 0 0 0 0 0 0 0 0 0 14.0373 8.87796 1 0
89 97 0 -0.852677 0.48337 -0.19823 0.170949 0.270949 0 -0.0260959 -0.0210862 0.0608455 -0.0260959 -0.0210862 0.0608455 0 0 0 -2.01909e-05 -2.43649e-05 2.76921e-05 0 0 0 0 0 0 0 0 0 14.3365 9.06722 1 0
89 102 0 -0.176662 -0.786973 0.591155 1.40006 1.50006 0 -0.316235 0.0309513 -0.0513243 -0.316235 0.0309513 -0.0513243 0 0 0 -5.36672e-06 -2.63734e-06 -5.15297e-06 0 0 0 0 0 0 0 0 0 14.3616 9.08305 1 0
89 119 0 0.73764 0.663858 0.123206 1.48896 1.58896 0 -0.218475 0.250254 -0.0655619 -0.218475 0.250254 -0.0655619 0 0 0 1.05018e-06 -1.35381e-06 1.15942e-06 0 0 0 0 0 0 0 0 0 14.2512 9.01326 1 0
90 94 0 0.44004 -0.0651203 -0.895614 -0.0059551 0.0940449 0 0.000905487 0.00106842 0.000367887 0.000905487 0.00106842 0.000367887 0 0 0 1.11878e-09 -5.56557e-07 4.1032e-08 0 0 0 0 0 0 0 0 0 13.9395 8.81614 1 0
90 95 0 -0.369778 -0.624716 -0.687745 2.4029 2.5029 0 -0.566506 0.404658 -0.0639278 -0.566506 0.404658 -0.0639278 0 0 0 0.000116229 -5.89289e-05 -9.72461e-06 0 0 0 0 0 0 0 0 0 14.0479 8.88467 1 0
90 100 0 0.734628 -0.671935 -0.0939426 4.61601 4.71601 0 -0.26765 -0.309951 0.114443 -0.26765 -0.309951 0.114443 0 0 0 -6.78043e-05 -5.17589e-05 -0.000136277 0 0 0 0 0 0 0 0 0 14.0926 8.91294 1 0
90 111 0 -0.982455 0.186299 0.00864936 1.96792 2.06792 0 -0.0350851 -0.168809 -0.285128 -0.0350851 -0.168809 -0.285128 0 0 0 3.03496e-07 1.48975e-06 2.19274e-06 0 0 0 0 0 0 0 0 0 14.0487 8.8852 1 0
95 99 0 -0.793103 0.551077 -0.259425 2.14342 2.24342 0 0.0489768 -0.385534 -0.857728 0.0489768 -0.385534 -0.857728 0 0 0 -3.21258e-05 -3.17348e-05 1.32674e-05 0 0 0 0 0 0 0 0 0 14.1194 8.92988 1 0
96 118 0 0.200087 -0.217074 0.955429 1.08215 1.18215 0 0.0690154 0.124016 0.013869 0.0690154 0.124016 0.013869 0 0 0 1.2873e-05 -3.53354e-06 -3.47724e-06 0 0 0 0 0 0 0 0 0 14.4099 9.11361 1 0
100 106 0 0.729222 -0.684232 -0.00778245 2.98925 3.08925 0 0.220395 0.248558 -0.425399 0.220395 0.248558 -0.425399 0 0 0 -2.59637e-05 -2.99522e-05 4.37288e-05 0 0 0 0 0 0 0 0 0 14.0772 8.90319 1 0
101 105 0 0.143926 -0.748593 0.64722 1.01566 1.11566 0 0.135412 0.116751 0.105046 0.135412 0.116751 0.105046 0 0 0 2.16705e-05 4.63986e-06 5.07951e-07 0 0 0 0 0 0 0 0 0 14.3671 9.08653 1 0
101 114 0 0.602584 -0.749727 -0.273499 0.826667 0.926667 0 0.201702 0.136649 0.0748316 0.201702 0.136649 0.0748316 0 0 0 -7.66901e-05 -5.85927e-05 -2.36543e-05 0 0 0 0 0 0 0 0 0 14.1789 8.96755 1 0
107 114 0 -0.573792 0.672621 -0.467273 0.301432 0.401432 0 -0.0315286 -0.0737201 -0.0674649 -0.0315286 -0.0737201 -0.0674649 0 0 0 2.58108e-06 5.83729e-06 5.24709e-06 0 0 0 0 0 0 0 0 0 14.0701 8.89869 1 0
108 109 0 -0.557208 -0.81514 0.158324 0.364105 0.464105 0 0.119391 -0.0888201 -0.037149 0.119391 -0.0888201 -0.037149 0 0 0 -3.61158e-05 2.82288e-05 1.84521e-05 0 0 0 0 0 0 0 0 0 14.0503 8.88621 1 0
108 112 0 -0.615641 0.706127 0.349815 1.26024 1.36024 0 0.0444327 -0.0320705 0.143066 0.0444327 -0.0320705 0.143066 0 0 0 1.0342e-05 2.72265e-05 -3.51515e-05 0 0 0 0 0 0 0 0 0 14.1309 8.93716 1 0
115 124 0 -0.183165 0.168294 -0.96857 1.23294 1.33294 0 -0.177375 -0.38842 -0.024094 -0.177375 -0.38842 -0.024094 0 0 0 8.86878e-07 1.94209e-06 1.2047e-07 0 0 0 0 0 0 0 0 0 14.4899 9.16419 1 0
117 122 0 -0.559699 0.797233 0.226178 0.406015 0.506015 0 0.0746686 0.0394663 0.052031 0.0746686 0.0394663 0.052031 0 0 0 -3.98992e-05 -4.23582e-05 4.90462e-05 0 0 0 0 0 0 0 0 0 14.1434 8.94509 1 0
118 120 0 -0.486335 -0.873619 0.0163733 0.79896 0.89896 0 0.221429 -0.117742 0.293348 0.221429 -0.117742 0.293348 0 0 0 -2.18316e-05 1.15518e-05 -2.94782e-05 0 0 0 0 0 0 0 0 0 14.2174 8.99185 1 0
120 124 0 -0.889487 -0.453848 0.0532495 1.18656 1.28656 0 0.00568148 -0.039446 -0.208083 0.00568148 -0.039446 -0.208083 0 0 0 6.12577e-06 -1.3422e-05 -1.14686e-05 0 0 0 0 0 0 0 0 0 14.2907 9.03821 1 0
