PBC3D 06-05-2021
t 0
tmax 1e-6
dt 1e-07
interVerlet 1e-08
interOut 1e-08
interConf 1e-08
dVerlet 3.8e-05
density 917
kn 100000
kt 50000
kr 0
dampRate 0.1
mu 0.3
mur 0
fcoh -1
fn0 0
ft0 0
mom0 0
dn0 0
dt0 0
drot0 0
powSurf 2
zetaMax 1
permamentGluer 0
numericalDampingCoeff 0
Kratio 1
iconf 0
h 0.000151181 0 0 0 0.000215835 0 0 0 0.002
vh 43.0048 0 0 0 -15.5755 0 0 0 -0
ah 1.08883e+07 0 0 0 -4.10085e+07 0 0 0 0
hmass 4.30556e-08
hvelGrad 284460 0 0 0 -72164.1 0 0 0 0
hstrain -2.56845 0 0 0 -2.23094 0 0 0 0
Sig 1.08701e+06 -2.62238e+06 3.32514e+06 -3.3908e+06 -5.83853e+06 -5.28001e+06 -3.94945e+06 -1.0395e+06 -1.88437e+07
enableSwitch 1
Load TransformationGradient 1 1e-4 0 1e-4 1 0 0 0 1 
interVerletC 1e-07
interOutC 1e-06
interConfC 1e-06
nbBonds 0
nbActiveInteractions 322
nbBondsini 0
porosityini 0
tensfailure 0
fricfailure 0
Particles 125
0.757721 0.639506 0.0618627 730479 -2.71254e+06 10813.2 -4.11913e+13 -1.40087e+12 2.62521e+12 0.361116 -0.147036 0.913347 0.117362 -1.51784e+07 -5.87162e+06 -6.78353e+06 1.1326e+14 1.13846e+14 4.34609e+13 4.1424e-05 1.87404e-19 2.73032e-10
0.189101 0.449512 0.745126 2.75347e+06 1.1729e+06 -123826 1.03542e+14 5.03113e+13 -4.87683e+11 -0.597731 -0.199217 0.107414 0.769085 1.3309e+07 -673009 112999 -4.55157e+13 -2.27322e+13 -3.49338e+13 4.25318e-05 2.13838e-19 2.95528e-10
0.941636 0.903673 0.0645296 -575004 -812443 190111 3.28153e+13 3.58186e+12 -1.5357e+12 -0.80477 0.321831 0.405209 -0.290818 3.70425e+06 -1.12661e+06 477548 2.00065e+13 -2.36203e+13 -1.31216e+14 4.44708e-05 2.67236e-19 3.37819e-10
0.398005 0.669594 0.51224 -1.65006e+06 1.52182e+06 154975 -3.40714e+12 4.35498e+12 -1.47658e+12 -0.219784 0.0216694 0.962554 -0.157209 -8.21888e+06 271454 -7.7621e+06 6.96439e+13 -4.54909e+13 -2.92915e+12 4.61803e-05 3.22703e-19 3.78294e-10
0.757999 0.384194 0.335615 1.24813e+06 3.20457e+06 94991.7 -2.92652e+13 -2.9859e+12 -3.67767e+12 -0.157199 0.234837 0.959239 0.000640253 7.88059e+06 -2.04303e+07 7.54018e+06 -2.24147e+13 5.06146e+13 -1.81499e+13 4.12073e-05 1.82554e-19 2.68771e-10
0.885239 0.588999 0.722968 1.43054e+06 -615126 -16730.1 -6.70153e+13 4.79625e+13 1.35824e+12 0.296308 -0.0358875 -0.298123 -0.906662 4.42158e+06 7.45974e+06 3.54143e+06 5.27982e+13 1.24982e+14 -1.20074e+13 4.9866e-05 4.73739e-19 4.76289e-10
0.424413 0.645918 0.983568 -1.22393e+06 -2.16398e+06 -16520 2.71803e+13 -1.92577e+13 -2.64385e+12 -0.894467 -0.0241986 -0.445241 -0.0332152 4.80519e+06 -6.16606e+06 7.51506e+06 5.66178e+13 7.64474e+13 3.30274e+13 4.00987e-05 1.59283e-19 2.47656e-10
0.755712 0.983775 0.951499 -4.82513e+06 1.20786e+06 381293 4.86906e+12 -3.76864e+12 -1.28813e+12 -0.870092 -0.313536 -0.221674 0.309023 1.0823e+07 3.79799e+06 -5.49979e+06 -1.41082e+13 -1.23245e+13 -2.60954e+13 4.37186e-05 2.45385e-19 3.20964e-10
0.0195132 0.296159 0.0962137 -3.56319e+06 -3.21159e+06 -132505 -4.1352e+13 -2.11324e+13 -1.24947e+11 -0.95544 -0.0121493 -0.103173 0.276299 -1.62552e+06 9.87713e+06 7.32362e+06 3.58312e+13 -1.0897e+13 -4.84515e+13 4.11933e-05 1.82244e-19 2.68497e-10
0.0369123 0.40553 0.753535 1.14172e+06 75318.9 109112 2.4065e+13 -4.01918e+12 -2.41027e+12 -0.831181 -0.547912 -0.0892793 -0.0309862 -4.55852e+06 3.56278e+06 -6.53161e+06 8.59102e+13 8.83821e+13 -5.60596e+13 4.12867e-05 1.84318e-19 2.70326e-10
0.875355 0.581184 0.246881 -2.19592e+06 2.90505e+06 -17800.4 5.10218e+12 -2.73463e+13 3.73893e+10 -0.955618 -0.0967824 0.118076 -0.251962 -3.36354e+06 8.91473e+06 2.97026e+07 -1.10766e+14 -1.28447e+13 -2.26599e+13 4.11924e-05 1.82223e-19 2.68478e-10
0.259225 0.708589 0.631069 -3.70868e+06 2.48059e+06 -76844.7 1.59068e+12 1.3049e+13 1.64911e+10 -0.626209 0.270688 0.6253 0.378934 -2.87109e+06 8.46547e+06 5.0718e+06 3.83833e+12 -2.99652e+13 7.89661e+11 4.08865e-05 1.75557e-19 2.62541e-10
0.148035 0.515078 0.0400725 599430 -2.35932e+06 -102685 1.41647e+14 -4.09464e+13 -2.93501e+12 0.537432 0.206047 0.817429 0.0228111 -1.76447e+06 -6.81966e+06 1.30505e+06 1.21724e+14 7.12375e+13 7.29237e+13 4.29398e-05 2.24295e-19 3.04116e-10
0.973815 0.487363 0.0247303 1.25797e+06 -2.43952e+06 115205 8.76077e+12 1.20607e+13 9.14369e+11 0.720197 -0.681366 -0.036311 0.125451 -467698 4.16751e+06 665108 6.42921e+13 2.85151e+13 -6.9318e+13 4.69127e-05 3.49114e-19 3.96577e-10
0.183469 0.410634 0.400621 -600101 -821973 -95073.5 -3.22736e+12 1.00545e+13 1.21554e+11 -0.910021 0.223516 -0.274757 -0.215432 2.6948e+06 -2.59144e+06 5.82774e+06 -1.60622e+13 -1.03131e+12 -4.65243e+12 4.48242e-05 2.78023e-19 3.45936e-10
0.529062 0.564656 0.0895151 -768308 -1.4751e+06 -133784 -5.96313e+13 2.78081e+13 -3.15593e+12 -0.74851 -0.431121 -0.169073 0.474639 4.81138e+06 806864 6.45611e+06 1.20687e+14 1.42917e+14 4.1147e+13 4.93199e-05 4.48361e-19 4.60812e-10
0.70853 0.0861949 0.0849275 734252 -3.84765e+06 -669227 1.14239e+13 8.85693e+12 5.797e+11 0.106359 0.00115996 -0.878754 -0.465272 1.69128e+07 5.93788e+06 1.37497e+06 -7.02345e+12 1.1611e+13 -8.68204e+12 4.07509e-05 1.72666e-19 2.59938e-10
0.420918 0.892353 0.878116 -1.30848e+06 2.49494e+06 96775.8 -2.09879e+13 1.66874e+13 -2.08795e+12 -0.501876 0.384305 0.530913 -0.564413 -9.88276e+06 -2.11484e+06 -2.67028e+06 4.80415e+12 5.85819e+12 -2.89679e+13 4.19962e-05 2.00708e-19 2.84503e-10
0.392593 0.456906 0.0574955 2.47089e+06 -803859 249482 -7.81078e+12 -3.53321e+13 1.13854e+12 -0.845432 -0.439792 0.302135 -0.0232741 3.62863e+06 4.57432e+06 -970210 -1.02745e+14 -1.67433e+14 3.67153e+12 4.00034e-05 1.57399e-19 2.45895e-10
0.609046 0.548938 0.0183353 -1.15419e+06 -2.27373e+06 131516 -2.66707e+13 -5.22919e+12 -1.96478e+12 -0.443432 -0.214134 -0.462929 -0.737029 -1.80252e+06 842925 -6.55659e+06 -1.72034e+13 -3.00657e+13 4.23846e+13 4.95069e-05 4.56927e-19 4.66075e-10
0.923982 0.501429 0.738092 -1.66404e+06 427119 -198388 -7.00236e+13 2.99865e+13 -9.98777e+11 -0.361392 -0.357454 0.860504 -0.0339749 6.73146e+06 5.77944e+06 5.62042e+06 1.52952e+14 9.4076e+13 1.91861e+13 4.40325e-05 2.54321e-19 3.27927e-10
0.297107 0.0369257 0.646459 3.69619e+06 1.10691e+06 -333856 -3.83057e+12 -6.88674e+12 -3.26451e+11 -0.264693 0.00232639 0.67335 0.690313 1.23079e+07 -1.39026e+07 -6.15018e+06 -3.54332e+11 -9.65474e+12 2.22943e+13 4.33895e-05 2.36287e-19 3.1377e-10
0.341134 0.993915 0.612009 -2.22447e+06 1.38622e+06 27796.4 1.6276e+13 -2.5851e+13 -3.95879e+11 -0.814177 0.170444 0.274955 -0.482146 -3.39556e+06 -1.39578e+06 -2.87886e+06 1.40617e+13 6.75739e+12 -1.154e+12 4.83429e-05 4.05676e-19 4.33965e-10
0.578199 0.901756 0.833593 1.45279e+06 2.63399e+06 59353.7 7.10011e+12 1.02194e+12 7.36087e+11 0.141622 -0.939045 -0.0295793 -0.31187 -4.80407e+06 -1.2839e+06 792693 8.95566e+11 -3.82072e+13 5.07148e+12 4.82049e-05 3.99922e-19 4.30261e-10
0.904903 0.0566285 0.322018 798671 1.32381e+06 362175 2.14553e+13 2.28957e+13 2.50711e+12 -0.312258 -0.509444 -0.576141 -0.557695 8.12447e+06 1.26823e+07 7.54603e+06 5.49772e+12 7.40811e+12 -9.09683e+13 4.09748e-05 1.7746e-19 2.64245e-10
0.834832 0.314224 0.345703 -622233 -1.18924e+06 287322 5.21752e+13 -7.86922e+12 -1.15991e+12 0.217685 -0.749125 0.623964 -0.0457591 1.81031e+06 7.46531e+06 2.05596e+06 -6.42948e+12 5.45896e+13 3.82116e+12 4.51599e-05 2.8859e-19 3.53766e-10
0.221973 0.88718 0.826498 -449593 3.50365e+06 -56821.7 -2.10874e+13 3.72911e+12 -2.1247e+12 -0.890437 -0.061959 -0.156115 -0.422978 -2.60396e+06 6.15314e+06 6.17962e+06 7.81789e+12 -6.58183e+13 -7.23294e+10 4.21294e-05 2.03912e-19 2.87219e-10
0.758666 0.982402 0.0312645 -3.55521e+06 -3.87651e+06 49406.3 -4.45259e+13 4.52658e+12 8.47954e+11 -0.787375 -0.212553 -0.344103 -0.465247 -1.52398e+06 4.28487e+06 -2.53706e+06 2.3153e+13 -5.17984e+13 1.94422e+14 4.3614e-05 2.42464e-19 3.18666e-10
0.278086 0.696498 0.0927746 678413 587649 -145367 -3.6839e+13 2.98968e+13 -2.32263e+12 0.150628 0.386717 0.153991 -0.896688 -755531 2.10318e+06 6.20315e+06 2.00559e+14 1.17321e+14 -3.19236e+13 4.92737e-05 4.46266e-19 4.59519e-10
0.21362 0.675255 0.053127 -772032 768034 174501 -6.57686e+13 8.91146e+12 1.03216e+12 -0.45127 0.544671 0.491435 0.508116 -1.87251e+06 947351 -2.63021e+06 -3.72636e+13 6.59438e+12 1.59516e+13 4.32521e-05 2.32571e-19 3.10799e-10
0.657151 0.870636 0.139187 -1.67925e+06 1.64472e+06 239762 4.70532e+13 5.56213e+13 8.2468e+11 -0.570898 0.340256 -0.604974 -0.43853 -1.08127e+06 5.74955e+06 -3.06009e+06 -1.49848e+13 5.51063e+13 -2.62393e+13 4.3363e-05 2.35568e-19 3.13196e-10
0.156474 0.684817 0.373014 47645.3 954669 -23073.1 -1.51705e+13 -9.70259e+12 -1.58842e+10 -0.206609 -0.764596 -0.610173 0.0198728 -2.76768e+06 -2.48994e+06 9.73304e+06 2.88693e+13 7.73068e+12 -5.23074e+13 4.90323e-05 4.35442e-19 4.52799e-10
0.277106 0.744253 0.0423232 701475 91587.2 146498 2.38403e+13 -8.49761e+12 3.0973e+12 -0.166782 -0.354049 -0.387114 0.834851 -535481 199249 -7.32462e+06 2.50224e+13 -4.1149e+13 2.37989e+13 4.53636e-05 2.95159e-19 3.58576e-10
0.533023 0.40764 0.127354 -2.67814e+06 2.18542e+06 44719.3 -3.89365e+13 2.57188e+13 -5.37561e+11 -0.802733 -0.236244 0.296873 -0.460082 -2.48444e+06 -3.88283e+06 3.63755e+06 2.64752e+13 -9.10999e+13 2.80153e+12 4.51067e-05 2.86896e-19 3.52519e-10
0.52073 0.408637 0.270025 3.05534e+06 -943233 -468552 0 0 0 -0.74777 0.364855 0.304219 0.463867 -2.81123e+06 -269211 -572338 0 0 0 4.4022e-05 2.54018e-19 3.27692e-10
0.749287 0.100578 0.0365949 -1.99986e+06 -498674 -151334 4.32981e+13 -3.55911e+12 3.9043e+12 0.306334 0.288281 -0.906846 0.026154 -2.33695e+06 -9.31653e+06 5.52319e+06 1.2467e+14 8.58631e+13 8.61447e+13 4.17878e-05 1.95779e-19 2.80289e-10
0.732062 0.832813 0.927701 -1.12701e+06 -1.1971e+06 -40549.7 1.32267e+13 5.97824e+12 -6.00336e+11 -0.192242 -0.38921 -0.804879 -0.404634 1.7008e+06 -3.00567e+06 -2.00435e+06 -7.83571e+12 -2.58527e+13 -1.02494e+13 4.54958e-05 2.99484e-19 3.61719e-10
0.895932 0.00653665 0.0212454 -1.78419e+06 -1.42263e+06 36043.6 8.15009e+13 1.00943e+13 -2.96482e+12 -0.751931 -0.432382 -0.461346 0.186561 -2.10489e+06 9.82381e+06 1.20863e+06 -4.03993e+13 -8.44846e+13 1.46255e+14 4.20984e-05 2.03163e-19 2.86585e-10
0.282625 0.160492 0.0317115 -1.25266e+06 -1.29286e+06 472804 1.42828e+13 2.58994e+13 6.21281e+11 -0.733575 0.373972 0.322506 -0.466908 -1.99545e+06 -5.53571e+06 7.85562e+06 -6.742e+13 1.27003e+13 -8.69629e+13 4.57916e-05 3.09349e-19 3.68822e-10
0.0365453 0.589666 0.957382 3.33436e+06 627049 -206901 -8.32538e+12 7.23579e+12 -7.67239e+12 0.627032 0.655042 -0.0775644 0.414408 -6.39005e+06 878822 -1.28152e+06 -4.75252e+12 1.05201e+14 -3.29954e+13 4.73561e-05 3.6593e-19 4.07931e-10
0.459916 0.129247 0.1755 -417350 1.26243e+06 184471 2.32711e+13 5.1214e+12 -2.753e+12 -0.885005 -0.179494 0.391351 0.177179 4.51514e+06 -1.57061e+06 3.63766e+06 -6.96992e+12 6.03209e+13 -7.70008e+11 4.77787e-05 3.82553e-19 4.1895e-10
0.582769 0.120817 0.556399 -1.05402e+06 -1.608e+06 80856 -6.90355e+13 -5.98542e+12 3.26969e+11 -0.309985 -0.240532 -0.581509 -0.712672 25023.4 3.70201e+06 2.76394e+06 -6.38822e+13 -7.78055e+13 -5.06791e+13 4.12121e-05 1.82659e-19 2.68864e-10
0.347364 0.79519 0.996499 421737 -430824 -37683.9 -2.41611e+13 1.82709e+13 1.86581e+12 -0.545554 0.786814 -0.272541 -0.094958 4.22396e+06 1.658e+06 -1.05837e+06 7.9444e+13 1.46373e+12 1.54675e+13 4.55457e-05 3.0113e-19 3.62911e-10
0.507091 0.473501 0.877191 5.14953e+06 4.06829e+06 -439056 -2.95632e+12 -9.88052e+12 1.15496e+12 -0.146093 -0.79102 -0.564295 0.185784 -1.19007e+07 1.0538e+07 870122 -5.919e+13 1.65351e+13 -1.75118e+13 4.59243e-05 3.13858e-19 3.72038e-10
0.442001 0.809991 0.26522 -862873 -1.98868e+06 177029 -5.88665e+13 1.41021e+13 1.0681e+12 -0.223321 0.9678 0.0149489 -0.115184 -6.18901e+06 4.90373e+06 -2.55025e+06 -4.21577e+11 1.17094e+14 -7.38403e+13 4.59258e-05 3.13906e-19 3.72072e-10
0.108498 0.207153 0.176445 -2.2133e+06 1.58216e+06 -10422.4 -5.44313e+13 -1.09761e+13 2.65454e+12 -0.506048 -0.642877 -0.574217 0.0299967 -1.82541e+06 1.73396e+06 1.7797e+06 2.03949e+13 1.42316e+13 -5.90337e+13 4.89446e-05 4.3156e-19 4.50372e-10
0.0516914 0.420701 0.711998 2.84837e+06 -2.69608e+06 196166 -2.12402e+13 -3.02043e+13 -2.99206e+11 -0.393958 0.49095 0.279626 0.724965 -9.17706e+06 -1.24763e+06 144223 4.84899e+13 2.92249e+13 -1.01075e+14 4.25715e-05 2.14838e-19 2.96356e-10
0.0859649 0.40899 0.0983513 2.66689e+06 2.54451e+06 119352 2.40615e+13 -4.95711e+13 1.64998e+12 -0.293096 0.0113179 -0.867033 0.402767 3.88256e+06 3.35518e+06 -5.22463e+06 -2.04475e+13 -7.76809e+13 5.87136e+13 4.59296e-05 3.14037e-19 3.72165e-10
0.147465 0.611267 0.332214 -3.19704e+06 -250402 49220.1 2.1276e+13 -2.55329e+13 2.85202e+12 -0.884076 -0.447853 -0.129637 -0.0320994 2.81252e+06 2.34909e+06 -2.53058e+06 -3.74149e+13 4.01586e+13 -6.6388e+13 4.28088e-05 2.20894e-19 3.0134e-10
0.157845 0.25244 0.173423 -635721 2.74511e+06 -208159 6.62451e+13 4.60727e+13 -4.85118e+12 -0.508181 -0.811372 -0.144384 -0.250163 3.99284e+06 1.03515e+07 -1.10381e+07 -5.87236e+13 3.22458e+13 1.51282e+13 4.27396e-05 2.19115e-19 2.99882e-10
0.782256 0.758793 0.910578 5.19423e+06 1.10871e+06 -589574 8.26093e+11 -1.89262e+12 1.80868e+12 -0.962803 0.0253621 -0.116049 0.242694 3.27817e+06 -7.28151e+06 -289746 0 -0.00111965 0 4.15e-05 1.89129e-19 2.74537e-10
0.70332 0.445449 0.988109 -977050 -1.50382e+06 -325534 2.30678e+13 2.36092e+11 4.17416e+12 -0.901571 -0.28931 0.160671 0.278664 1.39928e+06 791118 -486728 -1.79681e+13 1.37144e+13 1.02168e+11 4.00041e-05 1.57413e-19 2.45907e-10
0.107308 0.0460858 0.379727 797037 -1.62273e+06 -33028 2.78393e+13 2.63525e+13 7.46897e+11 0.98239 -0.146961 0.113501 0.0207284 -2.08349e+06 4.11692e+06 -6.55539e+06 2.07656e+13 5.35312e+13 -2.13456e+13 4.55511e-05 3.01308e-19 3.6304e-10
0.856222 0.430082 0.190747 431799 893009 158179 1.15246e+13 -7.47306e+12 -1.05753e+12 0.178787 0.78681 0.549312 -0.217303 -2.93889e+06 7.22384e+06 6.5646e+06 -9.97763e+13 -7.41107e+13 -3.71386e+13 4.55106e-05 2.99973e-19 3.62074e-10
0.822734 0.128084 0.984283 1.29753e+06 997981 -11716.3 2.35047e+13 -6.11218e+12 2.52275e+12 0.188221 -0.618076 0.612635 0.455228 1.33925e+06 4.4808e+06 -5.04566e+06 -2.29562e+13 2.75629e+13 5.11394e+13 4.15837e-05 1.91045e-19 2.76203e-10
0.665507 0.127611 0.519087 781454 -107995 -112019 -2.29888e+13 8.65048e+12 -1.95812e+12 0.529889 0.183931 0.130594 0.817516 -4.99029e+06 -84695.4 -36342.2 -4.25541e+13 3.49555e+13 -3.33088e+13 4.64212e-05 3.31206e-19 3.84243e-10
0.406394 0.205964 0.0376265 -1.57446e+06 233171 -137460 -1.34613e+13 4.87054e+12 6.85407e+08 -0.330966 -0.648876 -0.561793 0.392186 -1.65608e+06 -573655 -5.51874e+06 5.69081e+13 4.89782e+13 1.19205e+14 4.93892e-05 4.51523e-19 4.62759e-10
0.798486 0.721608 0.946114 2.54238e+06 -820840 16497.1 -5.85658e+13 1.31099e+13 -1.92758e+12 0.00619279 0.0834374 -0.6847 -0.724007 -4.84504e+06 2.34953e+06 -3.67826e+06 -1.89363e+13 -5.40725e+12 -9.25894e+12 4.40258e-05 2.5413e-19 3.27779e-10
0.501856 0.52326 0.429546 -1.87358e+06 -1.32471e+06 52327.7 -1.22008e+13 -4.1316e+12 -1.21272e+12 -0.653117 0.148265 -0.732482 -0.122168 3.9918e+06 3.52992e+06 -4.42569e+06 -5.18692e+12 7.06462e+12 1.34719e+12 4.11625e-05 1.81563e-19 2.67894e-10
0.648503 0.758769 0.134777 -632251 -1.49574e+06 -95491.2 -8.10818e+13 -6.66713e+13 -2.52287e+12 0.246259 0.656072 -0.413481 0.581343 -3.32439e+06 -2.58238e+06 -5.34538e+06 6.49496e+13 -4.02068e+13 -9.572e+12 4.67778e-05 3.44124e-19 3.93166e-10
0.812687 0.83229 0.504092 -465766 2.28075e+06 -379674 -6.70875e+12 -5.13685e+12 8.47714e+11 -0.363867 -0.149677 -0.917237 -0.0622462 1.62819e+06 5.62774e+06 4.20142e+06 -5.26945e+12 -2.2387e+13 1.90748e+13 4.99763e-05 4.79002e-19 4.79457e-10
0.966462 0.388194 0.752915 -3.44638e+06 -1.89393e+06 61270 -4.09847e+13 -3.96033e+13 2.71798e+12 -0.00308021 -0.358706 0.654289 -0.665752 -5.45561e+06 4.51728e+06 2.56392e+06 1.54911e+13 2.06868e+14 -6.62266e+13 4.56022e-05 3.03003e-19 3.64263e-10
0.364236 0.268277 0.482703 -933796 198070 -26800.4 6.91326e+12 -7.70054e+12 2.00359e+12 0.300591 -0.501326 0.660183 0.471673 -1.90972e+06 -7.47174e+06 -675839 1.11669e+13 -2.83574e+12 8.09116e+11 4.56627e-05 3.05017e-19 3.65714e-10
0.212559 0.58976 0.705735 598240 71449.2 133141 4.48032e+13 4.95998e+12 -1.9748e+12 -0.782661 -0.0233916 0.593005 -0.187722 -6.42123e+06 -5.81894e+06 5.0475e+06 4.40781e+12 2.16083e+13 -1.31543e+14 4.55739e-05 3.02064e-19 3.63585e-10
0.0380678 0.592448 0.961266 3.39445e+06 -178057 97320.1 7.20359e+13 5.5538e+12 7.70455e+12 -0.890234 -0.315952 -0.303753 0.124066 -4.31288e+06 1.21916e+06 751526 -2.91655e+13 -1.46631e+12 1.8907e+12 4.65063e-05 3.34255e-19 3.86362e-10
0.813321 0.721768 0.259627 2.13182e+06 1.01707e+06 154042 9.82244e+12 -4.73927e+12 -2.38342e+12 -0.32155 -0.28468 0.694074 -0.577775 -4.94264e+06 -3.20451e+06 -6.80648e+06 -1.13379e+14 4.98255e+13 -3.72677e+13 4.47737e-05 2.76462e-19 3.44769e-10
0.951788 0.896777 0.710585 3.73619e+06 129338 233851 2.0189e+12 -1.76831e+13 -1.10871e+11 0.780477 0.292046 -0.405735 0.375424 1.49066e+06 -7.10352e+06 2.46225e+06 3.28068e+13 3.36523e+13 -4.33621e+13 4.26942e-05 2.17954e-19 2.98927e-10
0.923041 0.0730851 0.794606 -2.21918e+06 -1.56986e+06 53601.8 8.46972e+12 -4.44664e+11 7.7849e+11 0.65004 -0.337447 -0.260011 0.629263 1.27701e+06 -55486 -2.72363e+06 -1.31454e+13 -2.29659e+12 1.30092e+13 4.67792e-05 3.44176e-19 3.93202e-10
0.690753 0.45287 0.344395 -2.31789e+06 1.24826e+06 -225253 9.08584e+13 3.13844e+13 -3.41211e+12 -0.845947 0.333142 0.324022 -0.261535 -3.46627e+06 -334663 -1.09284e+06 6.80346e+13 6.01205e+13 2.45873e+13 4.36011e-05 2.42107e-19 3.18384e-10
0.241032 0.0961463 0.00345917 -1.61277e+06 -763688 344933 -1.85721e+13 -1.2858e+13 -5.1215e+11 -0.477169 0.627205 -0.21354 0.577342 -5.96244e+06 6.97611e+06 -4.00633e+06 -9.48419e+13 -1.45227e+13 3.57149e+13 4.5833e-05 3.10749e-19 3.69822e-10
0.772406 0.130849 0.54485 1.63507e+06 51288.2 46690.8 4.17271e+13 -8.63751e+12 -4.5669e+10 -0.753324 0.00606952 -0.49509 0.432841 1.83209e+06 2.60677e+06 -3.72128e+06 1.15016e+13 -1.27595e+13 -3.69407e+12 4.93266e-05 4.48668e-19 4.61001e-10
0.570795 0.682169 0.871558 8.00669e+06 672751 26420.7 -1.15335e+13 -4.08299e+12 -5.2296e+12 -0.756293 0.39049 0.158905 0.500287 -1.11874e+06 1.54744e+06 -1.26607e+07 1.24949e+14 1.23682e+14 -3.01487e+13 4.10816e-05 1.79786e-19 2.66318e-10
0.560243 0.564921 0.542887 563461 1.15484e+06 192341 -1.81341e+13 -9.37457e+12 1.74047e+11 -0.730156 -0.277624 -0.470488 0.410413 -875723 1.71444e+06 -7.51204e+06 1.93047e+13 -1.51988e+13 -4.05904e+13 4.83462e-05 4.05814e-19 4.34054e-10
0.50568 0.774641 0.0170152 514657 1.19998e+06 -200097 5.95439e+11 -6.14699e+13 2.42245e+12 -0.80354 0.512889 0.215054 -0.212176 -3.05448e+06 -108287 -5.24881e+06 -8.59615e+13 6.42502e+12 7.72313e+13 4.45543e-05 2.69752e-19 3.39724e-10
0.366345 0.367455 0.746763 681169 1.74476e+06 -7452.7 1.38253e+13 -4.48789e+13 -2.41772e+12 -0.344649 -0.826199 0.396667 0.203142 4.10342e+06 -2.84052e+06 -9.79079e+06 -1.03061e+13 6.42878e+13 -8.32458e+13 4.64804e-05 3.33326e-19 3.85717e-10
0.714168 0.100245 0.708627 -2.09275e+06 -1.13562e+06 -3496.89 8.76528e+11 6.48794e+12 3.87835e+11 0.38437 0.910852 -0.0684361 -0.133885 -3.43883e+06 -2.10243e+06 -2.7233e+06 2.72626e+13 1.88507e+13 -3.86888e+13 4.25165e-05 2.13455e-19 2.9521e-10
0.250155 0.541601 0.165164 2.54702e+06 -34646.3 -390013 -5.05278e+13 -3.86941e+11 2.83694e+12 -0.0931172 0.863366 -0.361881 -0.339073 -1.15877e+07 8.05059e+06 8.91074e+06 3.55468e+13 -9.14577e+12 8.02325e+12 4.04583e-05 1.66553e-19 2.54378e-10
0.909824 0.438384 0.970359 2.16751e+06 -1.21809e+06 -6223.47 -3.8742e+13 -2.97877e+13 1.57093e+12 -0.610559 -0.0275194 0.766982 -0.195446 1.53439e+06 360047 4.03974e+06 -4.20343e+13 -6.211e+12 -2.00722e+13 4.74489e-05 3.69528e-19 4.10332e-10
0.12543 0.554538 0.897965 -2.89084e+06 647614 205523 4.41838e+13 9.73071e+12 -6.55718e+11 -0.850616 0.461067 0.192873 -0.163306 7.593e+06 1.1654e+07 -1.70781e+06 2.21134e+12 -3.66627e+13 4.85414e+12 4.07337e-05 1.72301e-19 2.59609e-10
0.376046 0.116541 0.630438 -10518.8 1.13917e+06 238208 -8.00423e+12 1.63386e+13 1.31679e+12 0.0685682 -0.577501 -0.813499 0.00326777 -372649 -1.78171e+06 35353.6 -3.50952e+13 -3.40644e+13 2.94878e+13 4.416e-05 2.58027e-19 3.30786e-10
0.510379 0.805433 0.886584 3.61791e+06 291820 249047 4.64063e+13 1.85251e+13 5.46583e+12 -0.468719 0.756352 0.0878456 0.447791 -3.90724e+06 2.16256e+06 -8.87181e+06 -3.34738e+12 4.7837e+13 -3.10215e+13 4.5073e-05 2.85825e-19 3.51728e-10
0.603684 0.578228 0.344883 -2.38744e+06 2.13621e+06 -432938 -6.40635e+13 6.03776e+13 2.14632e+12 0.664693 0.329104 0.518374 0.425631 6.90176e+06 -6.40284e+06 3.04426e+06 1.2443e+14 8.6613e+12 1.03037e+14 4.10317e-05 1.78696e-19 2.65348e-10
0.681969 0.604665 0.09754 114807 165058 207539 -3.1538e+13 1.06534e+14 -3.6649e+12 -0.744955 0.534343 0.198107 -0.346806 -1.13406e+07 -3.52149e+06 -1.82382e+07 -4.95114e+13 1.98821e+13 -2.53647e+13 4.15261e-05 1.89725e-19 2.75056e-10
0.407805 0.850142 0.0338664 -2.06508e+06 -608836 73615.6 1.13924e+13 1.17797e+13 -3.78762e+12 -0.231329 -0.325431 0.824829 0.400298 3.58173e+06 -5.60074e+06 1.50259e+06 -1.16404e+14 2.34939e+13 2.12226e+13 4.95089e-05 4.57018e-19 4.6613e-10
0.106674 0.967962 0.101353 -1.13506e+06 1.09808e+06 178040 -2.36366e+13 4.87495e+13 -7.29811e+11 -0.831377 0.334444 0.428568 -0.115276 -2.21456e+06 -7.05109e+06 -9.94256e+06 1.36375e+14 5.38129e+13 -1.16566e+13 4.64523e-05 3.32317e-19 3.85016e-10
0.836307 0.537464 0.170359 655239 2.03743e+06 -110726 4.30154e+13 -2.77707e+13 -2.54028e+11 -0.695679 0.265516 0.491047 0.452111 7.80921e+06 -1.54924e+07 -3.77913e+06 -6.56668e+13 1.98291e+13 1.92368e+13 4.1029e-05 1.78637e-19 2.65296e-10
0.47571 0.543973 0.198039 -1.31999e+06 501250 95369.3 -3.29733e+12 5.747e+12 -1.85704e+12 -0.687431 -0.600407 -0.165114 -0.373748 2.12089e+06 5.41912e+06 3.33901e+06 -2.06626e+13 -1.79458e+13 -3.27629e+13 4.7857e-05 3.85694e-19 4.21011e-10
0.200005 0.445171 0.289808 -4.63385e+06 -4.04164e+06 290340 0 0 0 -0.591394 -0.77739 0.212934 0.0240228 -6.82834e+06 2.82987e+06 3.09701e+06 0 0 0 4.54118e-05 2.96728e-19 3.59718e-10
0.451828 0.645203 0.895102 3.2728e+06 314670 205394 -3.86869e+13 -2.31228e+13 2.97062e+11 -0.595962 -0.726637 0.0113166 0.341612 5.36862e+06 1.0441e+07 4.19029e+06 2.7423e+13 -1.74296e+13 -5.39495e+12 4.89257e-05 4.30727e-19 4.49851e-10
0.355388 0.0280003 0.066775 -4.44132e+06 -1.87391e+06 72657.1 -5.20628e+12 -4.0475e+13 2.89858e+12 -0.709556 -0.115501 -0.266827 -0.641867 9.70399e+06 8.63543e+06 2.86397e+06 -3.07523e+13 6.79379e+12 -5.75285e+13 4.13408e-05 1.8553e-19 2.71391e-10
0.775705 0.768715 0.282418 1.09532e+06 -2.5786e+06 279819 4.98225e+13 -2.38093e+12 1.31162e+12 0.735916 0.593992 0.167724 0.278334 -6.70483e+06 1.28545e+06 -2.23947e+06 3.21029e+12 6.18849e+13 3.53132e+13 4.89056e-05 4.29845e-19 4.49298e-10
0.730481 0.222728 0.0148781 1.55589e+06 -1.49255e+06 -422856 -2.44011e+13 6.08219e+13 -3.49748e+11 -0.531451 0.190545 -0.793402 -0.227522 -7.48507e+06 5.31846e+06 -3.57069e+06 1.04321e+14 7.22232e+13 5.42128e+13 4.13449e-05 1.85622e-19 2.71472e-10
0.458503 0.353965 0.142195 -1.58734e+06 -50656.6 394679 -7.07853e+13 -2.27949e+13 5.52947e+12 -0.725689 0.241602 -0.203247 0.611306 4.6776e+06 -8.70268e+06 -3.50197e+06 -6.08513e+13 -1.24586e+14 -5.18675e+13 4.28794e-05 2.22721e-19 3.02834e-10
0.20646 0.696652 0.103576 -590324 475990 257476 6.94622e+12 -7.13993e+13 -4.26367e+11 -0.389541 0.0665676 -0.483948 -0.780782 2.81567e+06 5.11403e+06 2.58445e+06 8.64964e+13 1.23362e+13 3.61599e+13 4.55078e-05 2.9988e-19 3.62006e-10
0.778214 0.0430204 0.172022 1.76547e+06 366012 -112365 -1.55073e+13 2.15233e+12 3.68454e+11 0.116678 0.956942 0.115434 0.239424 -3.68966e+06 -1.13704e+06 -3.48327e+06 -5.18854e+13 1.02569e+13 -5.71288e+13 4.87484e-05 4.22978e-19 4.44977e-10
0.104611 0.824697 0.586384 -1.306e+06 965202 24876 2.26063e+11 -9.41409e+12 2.02858e+11 -0.194271 -0.532886 0.609495 0.553902 5.42809e+06 659576 -2.11169e+06 6.67029e+12 2.89193e+13 4.78483e+13 4.39688e-05 2.52487e-19 3.26505e-10
0.899059 0.534667 0.497935 -2.77162e+06 366341 -165.748 2.02373e+13 1.69616e+12 -2.0904e+09 -0.693417 -0.109024 0.634833 -0.322916 1.17277e+06 5.23554e+06 -959399 2.65411e+13 5.98305e+11 2.50215e+13 4.67389e-05 3.42696e-19 3.92186e-10
0.598627 0.44017 0.910857 -2.2028e+06 1.06725e+06 93297.8 6.3242e+12 7.35256e+12 2.28903e+11 -0.58438 0.770413 0.254678 -0.0101253 3.1271e+06 2.6205e+06 4.92454e+06 -3.9138e+13 -1.52318e+12 4.90795e+13 4.93282e-05 4.48738e-19 4.61044e-10
0.486222 0.65328 0.733201 -775012 1.24466e+06 77429 2.7834e+13 -1.82673e+13 -6.40147e+11 -0.488188 -0.416748 0.490598 0.589328 -896410 -1.81093e+06 -5.31334e+06 1.0014e+13 6.53353e+13 2.66308e+13 4.09803e-05 1.7758e-19 2.64352e-10
0.820011 0.00478567 0.375251 -964340 -2.03627e+06 -377945 -1.7652e+13 -1.3386e+13 7.4758e+11 -0.386238 -0.863341 0.0543677 0.320165 2.25857e+06 -176786 2.55951e+06 2.68247e+11 7.17949e+13 5.77703e+12 4.14981e-05 1.89085e-19 2.74499e-10
0.667327 0.923869 0.313432 4.06127e+06 -1.68001e+06 237369 -3.41149e+13 -2.85269e+12 -1.55068e+12 -0.844231 0.0735344 0.530899 0.00358663 -2.62515e+06 -383988 7.36787e+06 3.74251e+13 -5.0319e+13 -4.15377e+13 4.43564e-05 2.63815e-19 3.35218e-10
0.279351 0.128547 0.584997 200787 -2.51478e+06 -101381 -5.44281e+12 2.74337e+13 -1.3892e+12 -0.876432 0.076823 0.323542 0.348261 727927 1.65286e+06 -502111 6.63145e+13 2.69091e+13 5.88765e+13 4.28433e-05 2.21785e-19 3.0207e-10
0.651464 0.974528 0.275612 641123 -534099 194505 -1.73599e+13 1.58554e+13 2.3559e+11 -0.397244 -0.491711 0.349053 0.691794 -466741 -1.02881e+07 1.33575e+06 -4.95944e+13 4.95992e+10 9.50459e+13 4.71416e-05 3.57717e-19 4.02412e-10
0.929853 0.507307 0.307276 953075 -444604 -120013 -2.45581e+13 -1.13909e+13 3.10024e+12 0.111542 -0.682245 -0.366008 0.623007 -2.7008e+06 5.70065e+06 1.43169e+06 -4.58361e+11 4.35581e+13 -1.21386e+12 4.54094e-05 2.96653e-19 3.59664e-10
0.544869 0.334882 0.752423 2.99644e+06 671405 -207460 1.53752e+13 -1.34341e+12 1.20415e+12 0.302874 0.621372 0.713727 -0.112953 -5.01233e+06 2.3041e+06 3.19164e+06 -6.96942e+13 5.7756e+13 4.91618e+13 4.74963e-05 3.71379e-19 4.11564e-10
0.287091 0.82593 0.541961 -2.54454e+06 1.35211e+06 114788 1.20113e+13 1.44057e+13 2.68311e+11 -0.759073 0.21099 -0.21622 0.576663 3.36074e+06 3.91006e+06 -2.94568e+06 5.72046e+13 -1.28703e+12 -1.04704e+13 4.49591e-05 2.82232e-19 3.49069e-10
0.729046 0.534685 0.100452 3.18698e+06 -400401 -16545.5 3.17335e+13 -2.18795e+13 2.96256e+11 -0.604742 0.459343 0.527311 -0.381097 3.68653e+06 109316 963577 6.87396e+13 9.57451e+13 -1.18666e+14 4.91892e-05 4.42452e-19 4.57158e-10
0.942866 0.735899 0.411955 -1.83419e+06 2.14449e+06 -112512 1.77454e+13 -1.49946e+13 -1.75174e+12 0.131297 -0.810558 -0.51014 -0.255955 5.14006e+06 3.08859e+06 -4.76496e+06 1.78561e+12 6.95376e+12 -2.44023e+11 4.28025e-05 2.20732e-19 3.01208e-10
0.854562 0.232638 0.0275269 -467147 -1.1517e+06 243259 -4.39768e+13 3.31889e+13 -1.52298e+12 -0.248664 -0.849147 -0.132608 -0.446689 1.25892e+07 1.06531e+07 -2.32342e+06 -6.48055e+13 -5.75751e+13 -6.85286e+13 4.37287e-05 2.45668e-19 3.21186e-10
0.957599 0.44478 0.818377 1.16348e+06 -172189 -503592 0 0 0 -0.490756 -0.370425 -0.781169 0.108257 935060 1.15868e+07 1.48977e+06 0 0 0 4.14412e-05 1.87794e-19 2.73373e-10
0.654256 0.384543 0.124374 1.93231e+06 1.77848e+06 -88903.9 8.25458e+13 -4.04029e+12 4.62593e+12 0.0227733 0.380161 0.138514 -0.914206 7.73231e+06 -1.06772e+06 -1.11555e+06 -9.83423e+13 -1.2196e+14 -2.57886e+13 4.24337e-05 2.11385e-19 2.93489e-10
0.567941 0.366822 0.345701 -3.63516e+06 661615 -372856 -4.73107e+13 -4.27755e+13 -2.25433e+11 -0.695408 0.700463 -0.136478 -0.0844536 -6.73209e+06 -1.04664e+06 2.54028e+06 4.18285e+13 5.94812e+12 3.58914e+13 4.51121e-05 2.87068e-19 3.52645e-10
0.739782 0.555794 0.0311338 -949182 -1.31835e+06 -460819 -1.65077e+13 6.95861e+12 1.35484e+12 -0.606979 0.292535 -0.351708 -0.649847 -2.72884e+06 3.65132e+06 -1.29238e+07 9.95801e+12 3.18976e+13 5.95319e+13 4.91804e-05 4.42058e-19 4.56914e-10
0.793517 0.748808 0.123004 2.24066e+06 -146307 -271565 5.30494e+13 -1.38995e+13 -5.34599e+12 -0.485581 0.0121045 -0.864673 -0.128082 -1.29514e+06 -551152 3.04478e+06 5.7946e+13 -5.94953e+12 -1.9021e+12 4.80763e-05 3.94613e-19 4.26825e-10
0.564404 0.409892 0.112711 -1.41718e+06 1.27443e+06 -238817 6.14469e+13 -1.57964e+13 -2.86178e+12 -0.33138 0.877984 -0.166548 -0.302643 3267.87 5.82341e+06 5.23759e+06 5.92354e+13 -6.94237e+13 1.15515e+14 4.6426e-05 3.31378e-19 3.84363e-10
0.904075 0.774952 0.14496 2.98263e+06 533414 136608 1.75496e+13 -1.84296e+13 6.46427e+12 -0.658932 0.501175 0.347584 -0.440246 2.28443e+06 577299 5.36155e+06 1.36662e+13 -5.48495e+13 -5.61504e+13 4.35205e-05 2.39876e-19 3.16621e-10
0.107251 0.543447 0.0566583 433796 -580030 480248 -5.36723e+13 -5.44244e+12 -2.20809e+10 -0.456006 -0.0929837 0.337128 -0.818387 1.6361e+07 -1.31742e+07 -4.94254e+06 -2.95454e+13 -1.13662e+14 6.97946e+13 4.12442e-05 1.83372e-19 2.69492e-10
0.0845075 0.366901 0.545392 1.01922e+06 434131 -99912.4 1.41186e+13 1.0802e+13 3.85603e+11 -0.492236 -0.389895 0.454852 0.631502 4.87676e+06 -1.8171e+06 3.16006e+06 2.04365e+13 -1.70066e+13 3.2644e+13 4.378e-05 2.47115e-19 3.22319e-10
0.270664 0.849053 0.100859 2.67647e+06 -619023 -15784.5 7.28284e+13 2.14006e+13 2.48773e+12 -0.62494 0.730306 -0.0227132 -0.274931 -618251 3.69761e+06 1.21686e+07 9.55826e+13 -8.99107e+12 -1.73106e+14 4.17114e-05 1.93995e-19 2.78754e-10
0.682509 0.231007 0.776076 -1.09545e+06 1.11781e+06 -230991 7.35591e+12 -4.65602e+11 2.368e+12 0.64364 -0.153036 -0.215845 0.718135 5.03377e+06 1.17067e+07 -163219 -1.16853e+14 3.15434e+13 3.26598e+13 4.45678e-05 2.70161e-19 3.40033e-10
0.237977 0.19562 0.0837015 1.70614e+06 -2.47461e+06 722923 -5.35887e+12 -4.80096e+11 -1.94157e+12 0.88554 0.119285 -0.00237188 -0.448982 -1.31311e+07 -1.07243e+07 1.4726e+06 0 0 0 4.18811e-05 1.97974e-19 2.82171e-10
0.0108396 0.153989 0.939547 -2.02666e+06 -95783.4 -72687.4 -1.03445e+13 -2.94755e+12 9.33193e+11 -0.38744 -0.125879 0.609918 -0.679739 3.75288e+06 1.3102e+07 8.54314e+06 1.96947e+13 -3.16065e+13 4.42631e+12 4.38211e-05 2.48275e-19 3.23227e-10
0.0512494 0.0788572 0.279203 125728 -2.99802e+06 -120276 1.68025e+13 -5.59859e+12 -1.78996e+11 0.334338 -0.186314 -0.895281 0.227987 513547 -1.74057e+06 -8.39047e+06 1.08998e+13 -1.27209e+13 9.19791e+13 4.18939e-05 1.98276e-19 2.82429e-10
0.333272 0.956189 0.149853 -1.5612e+06 1.98134e+06 -21444.3 3.06828e+12 1.08679e+13 1.78937e+12 -0.240247 0.648179 0.271474 0.669662 -1.36448e+06 652312 -5.14148e+06 1.01364e+13 4.06709e+13 5.23053e+13 4.9605e-05 4.61473e-19 4.68851e-10
0.267435 0.0924175 0.517175 -116408 139428 -123823 -2.95767e+12 5.15903e+11 -3.91532e+07 -0.0776585 0.162553 0.452078 -0.873596 -1.35469e+06 2.08382e+06 3.79622e+06 3.60593e+13 3.03632e+13 -3.35308e+13 4.01376e-05 1.60056e-19 2.48377e-10
Interactions 322
0 2 0 0.436774 0.895661 0.0837897 0.070058 1.07006 0 0.274167 -0.123149 -0.112779 0.274167 -0.123149 -0.112779 0 0 0 -7.60415e-05 3.41558e-05 3.12797e-05 0 0 0 0 0 0 0 0 0 0.000777161 0.000549536 1 0
0 12 0 0.755369 -0.343788 -0.557879 0.376976 1.37698 0 -0.00986072 0.345483 -0.226252 -0.00986072 0.345483 -0.226252 0 0 0 2.86476e-06 -0.000100371 6.57314e-05 0 0 0 0 0 0 0 0 0 0.0007586 0.000536411 1 0
0 15 0 -0.514486 -0.24044 0.823099 -0.069955 0.930045 0 0.190987 -0.189218 0.0746261 0.190987 -0.189218 0.0746261 0 0 0 -6.69746e-05 6.20604e-06 -5.25203e-05 0 0 0 0 0 0 0 0 0 0.000828127 0.000585574 1 0
0 29 0 0.963684 0.107882 -0.244285 -0.28799 0.71201 0 -0.0655205 0.0331947 -0.200578 -0.0655205 0.0331947 -0.200578 0 0 0 2.13034e-05 -6.42858e-06 8.1201e-05 0 0 0 0 0 0 0 0 0 0.000762488 0.00053916 1 0
0 32 0 -0.849387 0.264287 -0.45683 -1 0 0 -0 -0 0 -0 -0 0 0 0 0 4.11657e-05 5.30865e-05 1.52943e-06 0 0 0 0 0 0 0 0 0 0.000787415 0.000556786 1 0
0 82 0 -0.157619 -0.103499 0.982061 -1 0 0 0 -0 -0 0 -0 -0 0 0 0 -8.47888e-05 0.000149727 8.01706e-05 0 0 0 0 0 0 0 0 0 0.000740325 0.000523489 1 0
0 106 0 -0.0538247 -0.280896 0.958228 -0.478134 0.521866 0 0.0741556 -0.132645 -0.0376476 0.0741556 -0.132645 -0.0376476 0 0 0 -8.70707e-05 0.000153245 4.00315e-05 0 0 0 0 0 0 0 0 0 0.000826898 0.000584705 1 0
0 112 0 -0.0422992 -0.281801 -0.95854 -0.288549 0.711451 0 0.117571 0.175157 -0.0324322 0.117571 0.175157 -0.0324322 0 0 0 -9.82912e-06 -7.09054e-05 -7.68683e-05 0 0 0 0 0 0 0 0 0 0.000826816 0.000584647 1 0
1 5 0 -0.650933 0.426599 -0.627932 0.837603 1.8376 0 -0.410173 -0.351542 0.10994 -0.410173 -0.351542 0.10994 0 0 0 0.000136071 9.89003e-05 7.51477e-05 0 0 0 0 0 0 0 0 0 0.000854097 0.000603938 1 0
1 9 0 -0.765931 -0.316019 0.559894 1.697 2.697 0 -0.36822 -0.282084 -0.662938 -0.36822 -0.282084 -0.662938 0 0 0 3.10041e-05 2.37515e-05 5.58194e-05 0 0 0 0 0 0 0 0 0 0.000751486 0.000531381 1 0
1 20 0 -0.912353 0.255068 -0.320237 1.55061 2.55061 0 -0.209042 -0.109471 -0.348579 -0.209042 -0.109471 -0.348579 0 0 0 0.000100463 4.81777e-05 0.000137816 0 0 0 0 0 0 0 0 0 0.000788525 0.000557571 1 0
1 61 0 -0.854719 -0.336074 0.395613 1.60643 2.60643 0 0.214381 0.327567 0.204959 0.214381 0.327567 0.204959 0 0 0 -1.015e-05 -3.41737e-06 1.22021e-05 0 0 0 0 0 0 0 0 0 0.000807855 0.00057124 1 0
1 74 0 0.829942 -0.548547 0.10145 2.06499 3.06499 0 -0.595269 -0.695871 -0.0830136 -0.595269 -0.695871 -0.0830136 0 0 0 4.77747e-05 7.57953e-05 1.89955e-05 0 0 0 0 0 0 0 0 0 0.000818111 0.000578492 1 0
1 98 0 0.668069 0.654109 -0.354719 -0.469108 0.530892 0 0.00107639 -0.0767707 -0.139539 0.00107639 -0.0767707 -0.139539 0 0 0 3.64893e-05 0.000114966 0.000103027 0 0 0 0 0 0 0 0 0 0.00074709 0.000528273 1 0
1 104 0 0.882082 -0.405755 0.239361 0.145587 1.14559 0 -0.154891 -0.198958 0.233533 -0.154891 -0.198958 0.233533 0 0 0 1.7905e-05 4.63208e-05 -9.81886e-05 0 0 0 0 0 0 0 0 0 0.000829488 0.000586536 1 0
2 27 0 -0.373662 0.229541 -0.898714 -0.512231 0.487769 0 0.010969 0.141855 0.034197 0.010969 0.141855 0.034197 0 0 0 4.76138e-07 -6.47777e-05 -1.67428e-05 0 0 0 0 0 0 0 0 0 0.000809893 0.000572681 1 0
2 28 0 0.576752 -0.507025 0.640534 -0.749888 0.250112 0 -0.0584678 -0.0432852 0.0183827 -0.0584678 -0.0432852 0.0183827 0 0 0 9.48649e-05 7.02309e-05 -2.98261e-05 0 0 0 0 0 0 0 0 0 0.000882475 0.000624004 1 0
2 29 0 0.603554 -0.72365 -0.334744 -0.283927 0.716073 0 -0.142431 -0.147949 0.06303 -0.142431 -0.147949 0.06303 0 0 0 0.000126602 7.11393e-05 -3.71695e-05 0 0 0 0 0 0 0 0 0 0.000804669 0.000568987 1 0
2 32 0 0.670079 -0.45461 -0.586791 -0.591621 0.408379 0 0.0213463 -0.0952045 0.0740949 0.0213463 -0.0952045 0.0740949 0 0 0 8.49407e-05 0.000120085 4.5509e-05 0 0 0 0 0 0 0 0 0 0.000834132 0.00058982 1 0
2 35 0 -0.382717 0.559335 -0.735304 -1 0 0 -0 0 0 -0 0 0 0 0 0 -0.000183572 -0.000234055 5.37797e-05 0 0 0 0 0 0 0 0 0 0.000782786 0.000553513 1 0
2 84 0 0.315883 0.175673 0.932393 -0.402563 0.597437 0 0.0508816 -0.1712 0.0150178 0.0508816 -0.1712 0.0150178 0 0 0 5.11249e-05 -5.89829e-05 2.38491e-05 0 0 0 0 0 0 0 0 0 0.000848383 0.000599897 1 0
2 89 0 0.91701 0.393393 0.0658353 0.0388202 1.03882 0 0.0806723 -0.21819 0.207384 0.0806723 -0.21819 0.207384 0 0 0 -2.85535e-05 7.91344e-05 -7.51437e-05 0 0 0 0 0 0 0 0 0 0.000775865 0.00054862 1 0
2 116 0 0.300992 -0.93466 -0.18925 -0.88987 0.11013 0 -0.0294305 -0.0114452 0.0097174 -0.0294305 -0.0114452 0.0097174 0 0 0 8.32441e-05 3.23727e-05 -2.74857e-05 0 0 0 0 0 0 0 0 0 0.000774354 0.000547551 1 0
2 120 0 0.519121 0.730144 0.4443 -1 0 0 0 0 -0 0 0 -0 0 0 0 -1.34412e-05 -3.67176e-05 7.60448e-05 0 0 0 0 0 0 0 0 0 0.000784216 0.000554525 1 0
3 60 0 0.850857 0.476587 -0.22115 -0.430112 0.569888 0 0.0283585 0.0266239 0.166483 0.0283585 0.0266239 0.166483 0 0 0 -3.01151e-05 -2.82731e-05 -0.000176795 0 0 0 0 0 0 0 0 0 0.000919685 0.000650315 1 0
3 72 0 0.351501 -0.323771 0.878419 0.186117 1.18612 0 -0.256244 -0.246622 0.0116357 -0.256244 -0.246622 0.0116357 0 0 0 4.41477e-05 4.24898e-05 -2.00469e-06 0 0 0 0 0 0 0 0 0 0.000899178 0.000635815 1 0
3 96 0 -0.879462 -0.339538 -0.333558 -1 0 0 0 0 -0 0 0 -0 0 0 0 -3.15838e-06 -5.08473e-05 2.35327e-05 0 0 0 0 0 0 0 0 0 0.000877627 0.000620576 1 0
3 105 0 -0.238258 0.479447 0.844609 0.229563 1.22956 0 -0.10148 -0.319939 0.152988 -0.10148 -0.319939 0.152988 0 0 0 1.61024e-05 5.07663e-05 -2.42754e-05 0 0 0 0 0 0 0 0 0 0.000852167 0.000602573 1 0
4 24 0 0.281347 -0.895642 -0.344483 -1 0 0 -0 -0 0 -0 -0 0 0 0 0 2.14521e-05 -1.4171e-05 -7.18279e-05 0 0 0 0 0 0 0 0 0 0.000730053 0.000516226 1 0
4 25 0 0.418565 -0.544198 0.727084 1.76757 2.76757 0 0.669057 0.491336 -0.0174116 0.669057 0.491336 -0.0174116 0 0 0 -0.000127969 -9.3977e-05 3.33029e-06 0 0 0 0 0 0 0 0 0 0.000781622 0.00055269 1 0
4 48 0 0.76557 0.637246 -0.088429 0.147268 1.14727 0 0.197936 -0.254509 -0.120444 0.197936 -0.254509 -0.120444 0 0 0 -3.94221e-05 5.06895e-05 2.39884e-05 0 0 0 0 0 0 0 0 0 0.000753824 0.000533034 1 0
4 103 0 0.383344 0.392066 -0.83626 -0.547807 0.452193 0 -0.0391004 0.123584 0.0400163 -0.0391004 0.123584 0.0400163 0 0 0 1.82093e-05 -5.75537e-05 -1.86358e-05 0 0 0 0 0 0 0 0 0 0.000784403 0.000554657 1 0
5 9 0 0.30028 -0.51857 0.800573 -0.190551 0.809449 0 0.120308 -0.162764 -0.134174 0.120308 -0.162764 -0.134174 0 0 0 -6.53123e-05 9.06134e-05 8.31922e-05 0 0 0 0 0 0 0 0 0 0.000830541 0.000587281 1 0
5 20 0 0.162052 -0.522929 0.83683 2.23883 3.23883 0 0.190817 -0.593525 -0.412356 0.190817 -0.593525 -0.412356 0 0 0 -6.15539e-05 5.94781e-05 4.28969e-05 0 0 0 0 0 0 0 0 0 0.000881389 0.000623236 1 0
5 46 0 0.510055 -0.736259 -0.44471 1.68391 2.68391 0 -0.512353 0.0200328 -0.620804 -0.512353 0.0200328 -0.620804 0 0 0 5.30386e-05 -2.07379e-06 6.42654e-05 0 0 0 0 0 0 0 0 0 0.000854835 0.000604459 1 0
5 61 0 0.163848 -0.578314 0.799191 0.503211 1.50321 0 0.297157 -0.244938 -0.234672 0.297157 -0.244938 -0.234672 0 0 0 -7.34305e-05 6.01915e-05 5.86106e-05 0 0 0 0 0 0 0 0 0 0.000908637 0.000642504 1 0
5 63 0 0.820569 0.00272484 -0.571541 1.79709 2.79709 0 -0.0944248 -0.822049 -0.139486 -0.0944248 -0.822049 -0.139486 0 0 0 1.26048e-05 0.000109735 1.862e-05 0 0 0 0 0 0 0 0 0 0.000908158 0.000642164 1 0
5 66 0 0.140503 0.927703 -0.345871 -0.427419 0.572581 0 0.075298 -0.0638175 -0.140584 0.075298 -0.0638175 -0.140584 0 0 0 -5.14457e-05 4.36019e-05 9.60512e-05 0 0 0 0 0 0 0 0 0 0.00085711 0.000606068 1 0
5 98 0 -0.925297 0.212814 0.313903 -0.827972 0.172028 0 -0.00805439 -0.0507364 0.00493758 -0.00805439 -0.0507364 0.00493758 0 0 0 1.46475e-05 8.79599e-05 -1.64567e-05 0 0 0 0 0 0 0 0 0 0.000824618 0.000583093 1 0
5 104 0 -0.538636 -0.574122 0.616648 -0.460365 0.539635 0 0.125737 -0.1007 0.016075 0.125737 -0.1007 0.016075 0 0 0 -4.98664e-05 3.99368e-05 -6.37524e-06 0 0 0 0 0 0 0 0 0 0.000939752 0.000664505 1 0
6 19 0 0.358794 -0.269058 0.893798 -0.733957 0.266043 0 -0.0508233 0.0613185 -0.00521083 -0.0508233 0.0613185 -0.00521083 0 0 0 0.000182697 -6.19138e-05 0.000100968 0 0 0 0 0 0 0 0 0 0.000804294 0.000568722 1 0
6 39 0 -0.737096 -0.152617 -0.658329 0.0408035 1.0408 0 -0.221047 0.0371497 0.217377 -0.221047 0.0371497 0.217377 0 0 0 0.000295667 -4.35434e-05 -7.34944e-05 0 0 0 0 0 0 0 0 0 0.000785114 0.000555159 1 0
6 42 0 -0.271367 0.750573 0.602495 1.51495 2.51495 0 -0.377736 -0.486424 0.43584 -0.377736 -0.486424 0.43584 0 0 0 1.87907e-05 2.41974e-05 -2.16812e-05 0 0 0 0 0 0 0 0 0 0.00076734 0.000542591 1 0
6 64 0 -0.78514 -0.155136 -0.599573 -0.536791 0.463209 0 -0.084981 0.0057291 0.1098 -0.084981 0.0057291 0.1098 0 0 0 7.37067e-05 -4.96903e-06 -9.5233e-05 0 0 0 0 0 0 0 0 0 0.000776964 0.000549396 1 0
7 36 0 -0.0618694 -0.563815 -0.82358 -0.312682 0.687318 0 -0.0970021 -0.146662 0.107691 -0.0970021 -0.146662 0.107691 0 0 0 3.24784e-05 4.91057e-05 -3.60572e-05 0 0 0 0 0 0 0 0 0 0.000824773 0.000583202 1 0
7 57 0 0.111564 -0.97623 -0.185819 -0.23856 0.76144 0 -0.177687 -0.0461789 0.135927 -0.177687 -0.0461789 0.135927 0 0 0 0.000111983 2.91031e-05 -8.56645e-05 0 0 0 0 0 0 0 0 0 0.000805401 0.000569505 1 0
7 121 0 0.660627 0.629247 -0.409414 -0.0568857 0.943114 0 0.0832741 0.0805253 0.258134 0.0832741 0.0805253 0.258134 0 0 0 -3.31191e-05 -3.20259e-05 -0.000102663 0 0 0 0 0 0 0 0 0 0.00080261 0.000567531 1 0
8 16 0 -0.680474 -0.65591 -0.326706 -0.729872 0.270128 0 -0.0477287 0.0181765 0.0629191 -0.0477287 0.0181765 0.0629191 0 0 0 6.86421e-05 -2.61408e-05 -9.04885e-05 0 0 0 0 0 0 0 0 0 0.00072684 0.000513953 1 0
8 47 0 0.376427 0.912492 0.160193 0.731056 1.73106 0 0.143272 -0.00349679 0.49915 0.143272 -0.00349679 0.49915 0 0 0 -6.71764e-06 5.31997e-06 -1.45183e-05 0 0 0 0 0 0 0 0 0 0.000789865 0.000558519 1 0
8 84 0 0.18105 -0.973281 0.141227 -0.227735 0.772265 0 -0.0378323 -0.0396997 -0.225096 -0.0378323 -0.0396997 -0.225096 0 0 0 2.07794e-05 2.18051e-05 0.000123634 0 0 0 0 0 0 0 0 0 0.000795448 0.000562467 1 0
8 106 0 -0.643928 0.754923 0.124291 -0.0484672 0.951533 0 0.000647394 0.225036 -0.175629 0.000647394 0.225036 -0.175629 0 0 0 -7.95959e-06 -8.19541e-05 2.91781e-05 0 0 0 0 0 0 0 0 0 0.00082256 0.000581638 1 0
8 114 0 -0.858358 0.306244 0.411626 -1 0 0 -0 -0 -0 -0 -0 -0 0 0 0 -0.000134522 0.000128372 9.51248e-05 0 0 0 0 0 0 0 0 0 0.000795171 0.000562271 1 0
9 20 0 -0.417291 0.505905 -0.754936 0.985339 1.98534 0 -0.217103 0.418225 0.364274 -0.217103 0.418225 0.364274 0 0 0 6.33331e-05 -7.4498e-05 -5.01857e-05 0 0 0 0 0 0 0 0 0 0.000769875 0.000544384 1 0
9 46 0 0.0268649 0.0393726 -0.998863 -0.996105 0.00389543 0 -0.000627739 0.000985471 2.19614e-05 -0.000627739 0.000985471 2.19614e-05 0 0 0 7.47864e-05 -0.000117405 -2.6164e-06 0 0 0 0 0 0 0 0 0 0.000751988 0.000531736 1 0
9 61 0 -0.937839 -0.329463 -0.109146 2.5623 3.5623 0 -0.292316 -0.0205159 1.02773 -0.292316 -0.0205159 1.02773 0 0 0 0.000111456 0.000166481 -5.9611e-05 0 0 0 0 0 0 0 0 0 0.000787835 0.000557083 1 0
9 74 0 0.952955 -0.15724 -0.259139 0.811192 1.81119 0 -0.117278 -0.517416 -0.11732 -0.117278 -0.517416 -0.11732 0 0 0 8.1505e-06 3.59589e-05 8.15341e-06 0 0 0 0 0 0 0 0 0 0.000797337 0.000563803 1 0
9 104 0 -0.979211 -0.200721 -0.0292705 -0.109119 0.890881 0 -7.54805e-06 -0.0385303 0.264472 -7.54805e-06 -0.0385303 0.264472 0 0 0 2.78972e-09 1.42406e-05 -9.77477e-05 0 0 0 0 0 0 0 0 0 0.000807859 0.000571242 1 0
10 65 0 -0.230281 0.745062 0.625982 1.46558 2.46558 0 0.0725489 0.509946 -0.530856 0.0725489 0.509946 -0.530856 0 0 0 -1.39049e-05 -7.76156e-05 8.72651e-05 0 0 0 0 0 0 0 0 0 0.000777017 0.000549434 1 0
10 90 0 -0.181141 0.486675 0.854597 -0.377451 0.622549 0 -0.0105171 0.166437 -0.0840777 -0.0105171 0.166437 -0.0840777 0 0 0 0.000220616 -0.000319995 0.00012411 0 0 0 0 0 0 0 0 0 0.000819893 0.000579752 1 0
11 21 0 0.0739205 0.914708 0.397297 -0.521431 0.478569 0 -0.143163 0.0105696 0.00230192 -0.143163 0.0105696 0.00230192 0 0 0 0.000120624 -8.90562e-06 -1.93953e-06 0 0 0 0 0 0 0 0 0 0.000756146 0.000534676 1 0
11 22 0 0.168528 0.838127 -0.518789 -0.245057 0.754943 0 0.15987 -0.0676536 0.0690689 0.15987 -0.0676536 0.0690689 0 0 0 2.48861e-05 2.51009e-05 1.31596e-05 0 0 0 0 0 0 0 0 0 0.000808897 0.000571977 1 0
12 13 0 -0.644319 -0.146333 -0.750626 1.99516 2.99516 0 -0.498371 0.654121 0.362135 -0.498371 0.654121 0.362135 0 0 0 3.727e-05 -0.000180235 -0.000179389 0 0 0 0 0 0 0 0 0 0.000829754 0.000586725 1 0
12 18 0 0.706471 -0.239911 0.665839 -0.307962 0.692038 0 -0.153861 -0.110317 0.0852026 -0.153861 -0.110317 0.0852026 0 0 0 5.55474e-05 5.2172e-05 8.40542e-05 0 0 0 0 0 0 0 0 0 0.000737461 0.000521463 1 0
12 19 0 0.845128 0.088618 -0.527167 -1 0 0 -0 0 -0 -0 0 -0 0 0 0 7.07128e-05 -0.000107436 9.53032e-05 0 0 0 0 0 0 0 0 0 0.000857982 0.000606685 1 0
12 29 0 0.223097 0.777887 0.587469 0.694117 1.69412 0 -0.469534 -0.0594573 0.185218 -0.469534 -0.0594573 0.185218 0 0 0 8.798e-05 2.68973e-05 -0.000106593 0 0 0 0 0 0 0 0 0 0.000784119 0.000554456 1 0
12 32 0 0.36566 0.926918 0.0843546 0.351626 1.35163 0 -0.361885 0.128989 0.129698 -0.361885 0.128989 0.129698 0 0 0 0.000322644 3.5439e-05 -0.000125043 0 0 0 0 0 0 0 0 0 0.000811305 0.00057368 1 0
12 38 0 0.251398 -0.945576 -0.206604 -0.99298 0.00702003 0 -0.00137782 -1.83302e-05 -0.00159265 -0.00137782 -1.83302e-05 -0.00159265 0 0 0 0.000115448 1.53589e-06 0.000133449 0 0 0 0 0 0 0 0 0 0.000816527 0.000577372 1 0
12 56 0 0.504216 -0.861265 -0.0631521 -0.594575 0.405425 0 -0.0147334 -0.0201135 -0.119045 -0.0147334 -0.0201135 -0.119045 0 0 0 -6.34361e-05 5.91745e-05 3.22539e-05 0 0 0 0 0 0 0 0 0 0.000856771 0.000605829 1 0
12 83 0 0.471881 0.868956 -0.14914 -0.576858 0.423142 0 -0.0896306 0.0436283 -0.0785963 -0.0896306 0.0436283 -0.0785963 0 0 0 7.56753e-05 -2.52247e-05 9.24675e-05 0 0 0 0 0 0 0 0 0 0.000858002 0.000606699 1 0
12 108 0 -0.558347 -0.767165 -0.315763 -0.284402 0.715598 0 -0.162484 0.134584 -0.0396685 -0.162484 0.134584 -0.0396685 0 0 0 8.92277e-05 -7.39065e-05 2.17839e-05 0 0 0 0 0 0 0 0 0 0.000790466 0.000558944 1 0
12 112 0 -0.951659 0.135503 -0.275652 0.89516 1.89516 0 -0.172196 -0.15041 0.52055 -0.172196 -0.15041 0.52055 0 0 0 5.66317e-05 4.94667e-05 -0.000171198 0 0 0 0 0 0 0 0 0 0.000854606 0.000604298 1 0
12 116 0 -0.179805 0.178562 0.96736 1.05206 2.05206 0 -0.544798 0.246275 -0.146722 -0.544798 0.246275 -0.146722 0 0 0 9.04863e-05 -4.09041e-05 2.43692e-05 0 0 0 0 0 0 0 0 0 0.000755988 0.000534564 1 0
13 19 0 -0.948359 0.228551 -0.219952 0.83331 1.83331 0 0.0257051 -0.32184 -0.445253 0.0257051 -0.32184 -0.445253 0 0 0 -3.01122e-06 3.77018e-05 5.2159e-05 0 0 0 0 0 0 0 0 0 0.000925772 0.000654619 1 0
13 29 0 0.461004 0.51568 0.722184 -0.902426 0.0975743 0 -0.00409637 -0.0251551 0.0143982 -0.00409637 -0.0251551 0.0143982 0 0 0 -3.23105e-06 0.000125515 -0.00018374 0 0 0 0 0 0 0 0 0 0.00083485 0.000590328 1 0
13 32 0 0.572491 0.69228 0.43932 -0.698808 0.301192 0 0.0173083 -0.0585328 0.0666247 0.0173083 -0.0585328 0.0666247 0 0 0 4.2293e-05 0.00013646 -1.76004e-05 0 0 0 0 0 0 0 0 0 0.000867894 0.000613694 1 0
13 38 0 0.544488 -0.822809 0.162841 -0.489836 0.510164 0 -0.0414033 -0.0544912 -0.136896 -0.0414033 -0.0544912 -0.136896 0 0 0 2.86966e-05 3.77679e-05 9.48829e-05 0 0 0 0 0 0 0 0 0 0.000874295 0.00061822 1 0
13 51 0 -0.484688 -0.107224 -0.86809 -1 0 0 -0 -0 0 -0 -0 0 0 0 0 4.41956e-06 3.07942e-05 -6.27122e-06 0 0 0 0 0 0 0 0 0 0.000779198 0.000550976 1 0
13 56 0 0.703936 -0.653757 0.277627 -0.168722 0.831278 0 -0.0450989 0.112989 -0.217696 -0.0450989 0.112989 -0.217696 0 0 0 1.21413e-06 3.74958e-06 5.75104e-06 0 0 0 0 0 0 0 0 0 0.00092425 0.000653544 1 0
13 91 0 -0.520044 -0.807442 -0.278552 -0.423622 0.576378 0 -0.143074 0.0683568 0.0689659 -0.143074 0.0683568 0.0689659 0 0 0 3.70704e-05 -1.77112e-05 -1.78691e-05 0 0 0 0 0 0 0 0 0 0.000802883 0.000567724 1 0
13 108 0 -0.31015 -0.945806 0.09622 0.662342 1.66234 0 -0.422529 0.114241 -0.239003 -0.422529 0.114241 -0.239003 0 0 0 4.17486e-05 -1.12878e-05 2.36151e-05 0 0 0 0 0 0 0 0 0 0.000842523 0.000595753 1 0
13 116 0 0.296436 0.177877 0.938342 -0.781819 0.218181 0 0.0280798 0.0558329 -0.0194548 0.0280798 0.0558329 -0.0194548 0 0 0 -8.00616e-06 -1.59191e-05 5.54697e-06 0 0 0 0 0 0 0 0 0 0.000801138 0.00056649 1 0
14 31 0 -0.0503614 0.730241 -0.681331 -0.639114 0.360886 0 0.0603295 -0.0674894 -0.0593887 0.0603295 -0.0674894 -0.0593887 0 0 0 -5.81545e-05 6.76717e-05 4.20882e-05 0 0 0 0 0 0 0 0 0 0.000885685 0.000626274 1 0
14 52 0 -0.128175 -0.875887 -0.46518 -1 0 0 -0 0 -0 -0 0 -0 0 0 0 6.72933e-05 -5.92146e-05 1.93223e-05 0 0 0 0 0 0 0 0 0 0.000841762 0.000595216 1 0
14 58 0 0.608637 0.307375 0.731493 -0.856029 0.143971 0 0.0268742 0.0242289 -0.0235847 0.0268742 0.0242289 -0.0235847 0 0 0 -1.17633e-05 1.63226e-06 5.26985e-05 0 0 0 0 0 0 0 0 0 0.000777115 0.000549503 1 0
14 107 0 -0.442232 0.853515 0.275576 -1 0 0 -0 0 -0 -0 0 -0 0 0 0 1.75203e-06 -5.68866e-06 2.04306e-05 0 0 0 0 0 0 0 0 0 0.000802529 0.000567474 1 0
15 28 0 -0.792557 0.5944 0.136171 1.33709 2.33709 0 0.172545 0.0753457 0.675375 0.172545 0.0753457 0.675375 0 0 0 -2.25114e-05 -9.83012e-06 -8.81141e-05 0 0 0 0 0 0 0 0 0 0.000959338 0.000678354 1 0
15 29 0 -0.528559 0.264575 -0.806613 -0.886916 0.113084 0 -0.0129202 -0.0313166 -0.00180573 -0.0129202 -0.0313166 -0.00180573 0 0 0 2.4753e-05 5.99975e-05 3.45947e-06 0 0 0 0 0 0 0 0 0 0.000861653 0.000609281 1 0
15 33 0 0.00721994 -0.408697 0.912642 -0.201873 0.798127 0 0.113457 -0.1921 -0.0869234 0.113457 -0.1921 -0.0869234 0 0 0 -5.47708e-05 9.27358e-05 4.1962e-05 0 0 0 0 0 0 0 0 0 0.000893819 0.000632025 1 0
15 47 0 -0.870006 -0.436358 0.229523 0.478033 1.47803 0 0.192074 -0.398548 -0.0296441 0.192074 -0.398548 -0.0296441 0 0 0 -7.38486e-05 0.000153234 1.13975e-05 0 0 0 0 0 0 0 0 0 0.000907493 0.000641694 1 0
15 82 0 0.785284 0.293349 0.54523 1.90644 2.90644 0 0.261346 0.514815 -0.653397 0.261346 0.514815 -0.653397 0 0 0 -1.91846e-05 -1.82263e-05 0.000158735 0 0 0 0 0 0 0 0 0 0.000830047 0.000586932 1 0
15 93 0 -0.772967 0.451524 0.4457 -0.564893 0.435107 0 -0.0579658 -0.114856 0.0220596 -0.0579658 -0.114856 0.0220596 0 0 0 3.36268e-05 7.75093e-05 -2.0204e-05 0 0 0 0 0 0 0 0 0 0.000900529 0.00063677 1 0
15 106 0 0.79829 -0.1708 0.577546 2.28324 3.28324 0 0.0720394 -0.91507 -0.357248 0.0720394 -0.91507 -0.357248 0 0 0 -0.000109879 0.000103542 5.24031e-05 0 0 0 0 0 0 0 0 0 0.0009581 0.000677479 1 0
15 113 0 0.456679 0.454009 0.765062 -0.614853 0.385147 0 0.0725684 -0.0893848 0.00972599 0.0725684 -0.0893848 0.00972599 0 0 0 -8.53262e-05 0.000105099 -1.14359e-05 0 0 0 0 0 0 0 0 0 0.000941454 0.000665709 1 0
15 114 0 0.0930561 -0.581781 0.808004 1.74775 2.74775 0 0.549662 -0.446841 -0.421563 0.549662 -0.446841 -0.421563 0 0 0 -7.19615e-05 7.15488e-05 5.98044e-05 0 0 0 0 0 0 0 0 0 0.000915565 0.000647402 1 0
15 118 0 -0.512565 0.805398 0.297677 -0.555521 0.444479 0 0.103707 0.0549181 0.0633195 0.103707 0.0549181 0.0633195 0 0 0 -7.84871e-05 -9.37356e-05 -5.24684e-05 0 0 0 0 0 0 0 0 0 0.000833516 0.000589385 1 0
17 71 0 0.432597 -0.866116 -0.250407 0.029376 1.02938 0 -0.179648 -0.0453715 -0.247049 -0.179648 -0.0453715 -0.247049 0 0 0 0.000115256 0.000111331 6.79889e-05 0 0 0 0 0 0 0 0 0 0.000741769 0.00052451 1 0
17 80 0 0.471809 -0.654458 0.59083 1.78543 2.78543 0 0.590849 0.530512 0.26025 0.590849 0.530512 0.26025 0 0 0 -6.70903e-05 -2.00887e-05 1.48362e-05 0 0 0 0 0 0 0 0 0 0.000793176 0.00056086 1 0
17 88 0 0.0736864 -0.84117 0.535726 0.307464 1.30746 0 -0.386229 -0.0572809 -0.0373883 -0.386229 -0.0572809 -0.0373883 0 0 0 0.000120444 1.65993e-05 9.49698e-06 0 0 0 0 0 0 0 0 0 0.00083494 0.000590391 1 0
18 29 0 -0.491592 0.856235 -0.15874 0.462167 1.46217 0 -0.0219822 -0.116718 -0.422265 -0.0219822 -0.116718 -0.422265 0 0 0 -3.58737e-05 0.000103605 -0.000161493 0 0 0 0 0 0 0 0 0 0.000741031 0.000523988 1 0
18 32 0 -0.245153 0.870838 -0.426078 -0.452505 0.547495 0 0.15918 0.0285724 -0.0286871 0.15918 0.0285724 -0.0286871 0 0 0 3.24008e-05 -1.98163e-05 -0.000113053 0 0 0 0 0 0 0 0 0 0.000763849 0.000540123 1 0
18 38 0 -0.198302 -0.763106 -0.615098 -1 0 0 0 0 -0 0 0 -0 0 0 0 -4.04663e-05 -2.88391e-05 4.88245e-05 0 0 0 0 0 0 0 0 0 0.000768202 0.000543201 1 0
18 56 0 0.031045 -0.80588 -0.591264 -0.322915 0.677085 0 0.187639 -0.04119 0.0659933 0.187639 -0.04119 0.0659933 0 0 0 -0.000129704 2.84723e-05 -4.56174e-05 0 0 0 0 0 0 0 0 0 0.000801429 0.000566696 1 0
18 116 0 -0.917088 0.397094 -0.0355969 0.821133 1.82113 0 -0.0153807 -0.0838971 -0.539641 -0.0153807 -0.0838971 -0.539641 0 0 0 3.40623e-06 1.858e-05 0.00011951 0 0 0 0 0 0 0 0 0 0.000717152 0.000507103 1 0
18 120 0 -0.290518 -0.700905 0.651407 -1 0 0 -0 -0 -0 -0 -0 -0 0 0 0 3.13594e-05 3.53913e-05 5.20664e-05 0 0 0 0 0 0 0 0 0 0.000724965 0.000512628 1 0
19 32 0 -0.617843 0.519017 0.59067 -0.382328 0.617672 0 -0.0702721 -0.158386 0.0656678 -0.0702721 -0.158386 0.0656678 0 0 0 4.81514e-05 0.000108529 -4.49965e-05 0 0 0 0 0 0 0 0 0 0.000900354 0.000636647 1 0
19 42 0 -0.498532 0.669769 -0.550341 -0.565305 0.434695 0 -0.107182 -0.02627 0.0694852 -0.107182 -0.02627 0.0694852 0 0 0 0.000131228 0.000112199 -4.04439e-05 0 0 0 0 0 0 0 0 0 0.000903409 0.000638807 1 0
19 51 0 0.215933 -0.338415 -0.915887 -0.858304 0.141696 0 0.0347282 -0.0191754 0.0152729 0.0347282 -0.0191754 0.0152729 0 0 0 -8.85611e-05 4.88996e-05 -3.89477e-05 0 0 0 0 0 0 0 0 0 0.000802433 0.000567406 1 0
19 83 0 -0.389001 0.831228 0.397163 -0.286016 0.713984 0 0.0629351 0.0342225 0.0478734 0.0629351 0.0342225 0.0478734 0 0 0 5.64795e-06 3.16067e-05 -7.03216e-05 0 0 0 0 0 0 0 0 0 0.000965508 0.000682717 1 0
19 91 0 0.251181 -0.963306 -0.0946025 -0.724919 0.275081 0 0.0460566 0.00530458 0.0682708 0.0460566 0.00530458 0.0682708 0 0 0 -4.69765e-05 -5.41053e-06 -6.96343e-05 0 0 0 0 0 0 0 0 0 0.000828372 0.000585748 1 0
19 108 0 0.46483 -0.854947 0.230217 -0.591529 0.408471 0 0.00221291 0.0494235 0.11211 0.00221291 0.0494235 0.11211 0 0 0 -8.74554e-06 -2.39354e-05 1.68282e-06 0 0 0 0 0 0 0 0 0 0.000872121 0.000616683 1 0
20 61 0 0.164857 -0.627381 0.761062 1.63845 2.63845 0 0.344939 -0.511243 -0.496162 0.344939 -0.511243 -0.496162 0 0 0 -3.35725e-05 4.97586e-05 4.82908e-05 0 0 0 0 0 0 0 0 0 0.000830832 0.000587487 1 0
20 74 0 0.892925 -0.386083 0.231572 0.230227 1.23023 0 -0.000926609 -0.295578 -0.221007 -0.000926609 -0.295578 -0.221007 0 0 0 1.40127e-05 7.97361e-05 7.89061e-05 0 0 0 0 0 0 0 0 0 0.000842 0.000595384 1 0
20 98 0 -0.888371 0.43995 -0.131305 -1 0 0 -0 -0 -0 -0 -0 -0 0 0 0 5.27758e-05 -8.60093e-06 5.37251e-05 0 0 0 0 0 0 0 0 0 0.00076515 0.000541043 1 0
20 104 0 -0.780045 -0.489229 0.390109 0.175053 1.17505 0 0.201588 -0.234683 0.108774 0.201588 -0.234683 0.108774 0 0 0 -8.06351e-06 9.38731e-06 -4.35098e-06 0 0 0 0 0 0 0 0 0 0.000854419 0.000604165 1 0
22 79 0 0.115542 0.579385 0.806823 1.37076 2.37076 0 -0.558659 0.372304 -0.234807 -0.558659 0.372304 -0.234807 0 0 0 7.61095e-05 -3.41946e-05 5.39007e-05 0 0 0 0 0 0 0 0 0 0.000866505 0.000612711 1 0
22 95 0 -0.494016 -0.504592 -0.70805 -0.0528416 0.947158 0 -0.212727 0.0347983 0.185138 -0.212727 0.0347983 0.185138 0 0 0 1.71188e-06 -3.04137e-05 -3.06984e-05 0 0 0 0 0 0 0 0 0 0.000863299 0.000610445 1 0
22 101 0 -0.150526 0.468293 -0.870657 0.967789 1.96779 0 -0.216673 0.467118 0.288705 -0.216673 0.467118 0.288705 0 0 0 0.000107271 -0.000180749 -0.000101302 0 0 0 0 0 0 0 0 0 0.000844038 0.000596825 1 0
23 26 0 -0.965451 -0.0563993 -0.254409 0.674559 1.67456 0 0.189411 -0.0568586 -0.461805 0.189411 -0.0568586 -0.461805 0 0 0 -1.03067e-05 3.65209e-05 -9.49353e-06 0 0 0 0 0 0 0 0 0 0.000830037 0.000586925 1 0
24 25 0 -0.143531 0.753303 0.64182 -0.416805 0.583195 0 0.0772885 0.110068 -0.111902 0.0772885 0.110068 -0.111902 0 0 0 -4.19572e-05 -5.97518e-05 6.07477e-05 0 0 0 0 0 0 0 0 0 0.000777845 0.00055002 1 0
24 100 0 -0.732239 -0.584174 -0.350095 1.19894 2.19894 0 -0.397663 0.494127 -0.181339 -0.397663 0.494127 -0.181339 0 0 0 0.000118058 -0.00012857 5.75384e-05 0 0 0 0 0 0 0 0 0 0.000768804 0.000543627 1 0
25 48 0 0.562026 0.762372 -0.320805 -1 0 0 0 -0 0 0 -0 0 0 0 0 -5.85652e-05 1.70957e-05 -6.19751e-05 0 0 0 0 0 0 0 0 0 0.00080679 0.000570487 1 0
25 68 0 -0.587036 0.806484 -0.0705098 1.20351 2.20351 0 0.186218 0.188496 0.605627 0.186218 0.188496 0.605627 0 0 0 -5.041e-05 5.79039e-05 -0.000101457 0 0 0 0 0 0 0 0 0 0.000818711 0.000578916 1 0
25 103 0 0.16214 0.47037 -0.867446 -1 0 0 -0 0 0 -0 0 0 0 0 0 -6.87938e-06 9.76637e-05 -3.72076e-05 0 0 0 0 0 0 0 0 0 0.000844619 0.000597236 1 0
26 67 0 -0.514333 0.456654 -0.725898 -0.80845 0.19155 0 0.0380023 0.0431044 0.000234427 0.0380023 0.0431044 0.000234427 0 0 0 -9.29389e-05 -0.000105306 -3.95023e-07 0 0 0 0 0 0 0 0 0 0.000814809 0.000576157 1 0
27 35 0 -0.0512205 0.921441 0.385128 1.49959 2.49959 0 0.0313555 -0.28744 0.691888 0.0313555 -0.28744 0.691888 0 0 0 -6.12421e-06 5.61416e-05 -0.000135136 0 0 0 0 0 0 0 0 0 0.000772332 0.000546121 1 0
27 37 0 0.70792 0.177702 -0.683573 2.3169 3.3169 0 0.682316 0.0588104 0.721907 0.682316 0.0588104 0.721907 0 0 0 -6.94764e-05 -5.98833e-06 -7.35078e-05 0 0 0 0 0 0 0 0 0 0.000776885 0.000549341 1 0
27 38 0 -0.882019 0.471086 0.0109562 -0.828864 0.171136 0 -0.00618449 -0.010419 -0.0498908 -0.00618449 -0.010419 -0.0498908 0 0 0 1.06155e-05 1.78839e-05 8.56364e-05 0 0 0 0 0 0 0 0 0 0.000826939 0.000584734 1 0
27 56 0 -0.729716 0.661151 0.17434 -0.429358 0.570642 0 -0.105131 -0.127683 0.0441757 -0.105131 -0.127683 0.0441757 0 0 0 3.70249e-05 0.000207355 -0.00017563 0 0 0 0 0 0 0 0 0 0.000868824 0.000614351 1 0
27 73 0 -0.584221 -0.684969 -0.43532 1.03406 2.03406 0 0.324817 -0.444413 0.263356 0.324817 -0.444413 0.263356 0 0 0 -0.000160163 0.000192161 -0.000179463 0 0 0 0 0 0 0 0 0 0.000810997 0.000573462 1 0
27 83 0 -0.877312 -0.47214 0.0860673 0.690989 1.69099 0 0.213635 -0.41793 -0.19247 0.213635 -0.41793 -0.19247 0 0 0 -5.15861e-05 0.000101723 3.21914e-05 0 0 0 0 0 0 0 0 0 0.000870108 0.000615259 1 0
27 91 0 -0.0692787 0.843367 -0.532854 -0.0687974 0.931203 0 -0.178541 0.104093 0.187964 -0.178541 0.104093 0.187964 0 0 0 0.000111376 -6.49341e-05 -0.000117254 0 0 0 0 0 0 0 0 0 0.000765744 0.000541463 1 0
27 108 0 0.256965 0.957295 -0.132496 0.305566 1.30557 0 -0.234161 0.0194843 -0.31336 -0.234161 0.0194843 -0.31336 0 0 0 7.36972e-05 -6.13226e-06 9.86233e-05 0 0 0 0 0 0 0 0 0 0.000799901 0.000565616 1 0
27 112 0 -0.0309903 -0.999516 -0.00283934 -0.503617 0.496383 0 0.123038 -0.00405286 0.0837905 0.123038 -0.00405286 0.0837905 0 0 0 -0.000115227 3.79558e-06 -7.84713e-05 0 0 0 0 0 0 0 0 0 0.000866566 0.000612755 1 0
28 29 0 -0.121791 -0.0572969 -0.990901 -0.102485 0.897515 0 -0.103934 0.248381 -0.00158772 -0.103934 0.248381 -0.00158772 0 0 0 1.28918e-05 -3.08088e-05 1.96939e-07 0 0 0 0 0 0 0 0 0 0.000861165 0.000608936 1 0
28 47 0 -0.418411 -0.893933 0.160674 1.24718 2.24718 0 0.4842 -0.142878 -0.446787 0.4842 -0.142878 -0.446787 0 0 0 -0.000120524 1.05748e-05 9.90941e-05 0 0 0 0 0 0 0 0 0 0.000906923 0.000641291 1 0
28 82 0 0.940828 -0.305409 0.146857 0.0447232 1.04472 0 0.0938862 0.171399 -0.245026 0.0938862 0.171399 -0.245026 0 0 0 -5.44596e-05 -9.94218e-05 0.00014213 0 0 0 0 0 0 0 0 0 0.00082961 0.000586623 1 0
28 84 0 -0.390723 0.883413 0.258683 0.296712 1.29671 0 0.213629 -0.00071243 0.325105 0.213629 -0.00071243 0.325105 0 0 0 -4.27655e-05 1.42618e-07 -6.50815e-05 0 0 0 0 0 0 0 0 0 0.000915403 0.000647288 1 0
28 89 0 0.130989 0.801966 -0.582832 -1 0 0 0 -0 0 0 -0 0 0 0 0 -0.000161291 1.8827e-05 -1.03439e-05 0 0 0 0 0 0 0 0 0 0.000826128 0.000584161 1 0
28 93 0 -0.448108 0.00137598 0.893978 1.82179 2.82179 0 0.092624 -0.840101 0.047721 0.092624 -0.840101 0.047721 0 0 0 -1.56156e-05 0.000141634 -8.04535e-06 0 0 0 0 0 0 0 0 0 0.000899972 0.000636377 1 0
28 106 0 0.872657 -0.447039 0.196535 0.266722 1.26672 0 -0.109781 -0.3029 -0.201526 -0.109781 -0.3029 -0.201526 0 0 0 0.000107872 4.85473e-05 0.000162274 0 0 0 0 0 0 0 0 0 0.000957429 0.000677005 1 0
28 113 0 -0.765871 0.118035 0.632068 -1 0 0 0 -0 0 0 -0 0 0 0 0 2.8863e-05 -3.91669e-05 -4.02315e-05 0 0 0 0 0 0 0 0 0 0.000940818 0.000665259 1 0
28 114 0 0.506963 -0.724502 0.466996 0.486355 1.48635 0 0.0729479 -0.20113 -0.391226 0.0729479 -0.20113 -0.391226 0 0 0 -1.34632e-05 3.71205e-05 7.22046e-05 0 0 0 0 0 0 0 0 0 0.00091498 0.000646989 1 0
28 118 0 -0.0305739 0.897202 0.44056 1.90997 2.90997 0 0.781259 -0.154171 0.35774 0.781259 -0.154171 0.35774 0 0 0 -0.000238328 2.1505e-05 2.99043e-05 0 0 0 0 0 0 0 0 0 0.000833074 0.000589073 1 0
29 32 0 0.34349 0.532961 -0.773283 1.97686 2.97686 0 0.354438 0.568633 0.590409 0.354438 0.568633 0.590409 0 0 0 4.39372e-06 -0.000150133 -0.000119187 0 0 0 0 0 0 0 0 0 0.000816067 0.000577046 1 0
29 73 0 0.505618 0.24564 -0.82705 -1 0 0 0 -0 0 0 -0 0 0 0 0 -5.66696e-05 4.21499e-05 -2.21261e-05 0 0 0 0 0 0 0 0 0 0.000805752 0.000569753 1 0
29 83 0 0.478091 0.614722 -0.627332 1.21323 2.21323 0 -0.00662198 -0.618185 -0.242193 -0.00662198 -0.618185 -0.242193 0 0 0 -1.41836e-05 3.60221e-05 2.44887e-05 0 0 0 0 0 0 0 0 0 0.00086364 0.000610686 1 0
29 89 0 0.256152 0.909924 0.326229 -0.631623 0.368377 0 0.106826 -0.0266993 -0.00940871 0.106826 -0.0266993 -0.00940871 0 0 0 -8.58481e-05 2.14562e-05 7.56108e-06 0 0 0 0 0 0 0 0 0 0.000761264 0.000538295 1 0
29 112 0 -0.814709 -0.29324 -0.50026 -1 0 0 -0 -0 0 -0 -0 0 0 0 0 1.55462e-05 5.78732e-05 -5.92419e-05 0 0 0 0 0 0 0 0 0 0.000860177 0.000608237 1 0
29 116 0 -0.480978 -0.850903 0.211244 1.3828 2.3828 0 0.617937 -0.300272 0.197456 0.617937 -0.300272 0.197456 0 0 0 -2.87542e-05 1.39724e-05 -9.18814e-06 0 0 0 0 0 0 0 0 0 0.000759836 0.000537285 1 0
30 59 0 -0.0507997 -0.938097 -0.342627 2.67591 3.67591 0 -1.0617 -0.0498724 0.293962 -1.0617 -0.0498724 0.293962 0 0 0 7.78776e-05 3.65823e-06 -2.15626e-05 0 0 0 0 0 0 0 0 0 0.00083505 0.000590469 1 0
30 113 0 0.443179 -0.565258 -0.695756 0.973369 1.97337 0 -0.379828 -0.439306 0.114968 -0.379828 -0.439306 0.114968 0 0 0 2.93361e-05 5.73487e-05 -3.50799e-05 0 0 0 0 0 0 0 0 0 0.000850043 0.000601071 1 0
30 123 0 -0.866452 0.326757 0.37748 1.12103 2.12103 0 -0.110532 -0.576585 0.245397 -0.110532 -0.576585 0.245397 0 0 0 2.12104e-05 0.000110643 -4.70904e-05 0 0 0 0 0 0 0 0 0 0.000866641 0.000612808 1 0
31 48 0 -0.0163816 -0.190936 -0.981466 -0.70872 0.29128 0 0.0863176 0.00408325 -0.0129837 0.0863176 0.00408325 -0.0129837 0 0 0 -5.17503e-05 -7.23594e-06 2.27145e-06 0 0 0 0 0 0 0 0 0 0.000850718 0.000601548 1 0
31 52 0 -0.0935303 0.981176 0.168952 0.58933 1.58933 0 0.371877 0.0647142 0.291302 0.371877 0.0647142 0.291302 0 0 0 -5.43255e-05 -3.24394e-05 -9.45652e-05 0 0 0 0 0 0 0 0 0 0.000897755 0.000634809 1 0
31 99 0 -0.592243 0.804075 0.0520792 -0.401154 0.598846 0 0.112901 0.0755428 0.117567 0.112901 0.0755428 0.117567 0 0 0 -9.89315e-05 -6.61956e-05 -0.00010302 0 0 0 0 0 0 0 0 0 0.000826793 0.000584631 1 0
31 107 0 -0.379793 0.129667 0.915939 -0.86535 0.13465 0 0.0371821 -0.00909486 0.0129049 0.0371821 -0.00909486 0.0129049 0 0 0 -0.000129993 3.92508e-05 3.88928e-06 0 0 0 0 0 0 0 0 0 0.000850606 0.000601469 1 0
32 73 0 0.560637 0.106408 -0.821197 -0.160819 0.839181 0 0.193784 -0.15442 0.0445232 0.193784 -0.15442 0.0445232 0 0 0 -0.000180543 -4.45811e-06 4.68509e-05 0 0 0 0 0 0 0 0 0 0.000835339 0.000590674 1 0
32 83 0 0.570676 0.660078 -0.488495 2.63559 3.63559 0 -0.624134 -0.151788 -0.881472 -0.624134 -0.151788 -0.881472 0 0 0 4.30752e-05 6.52564e-06 5.91397e-05 0 0 0 0 0 0 0 0 0 0.000900377 0.000636663 1 0
32 89 0 0.149314 0.772672 0.616996 -0.450344 0.549656 0 0.0671585 0.0858356 -0.123745 0.0671585 0.0858356 -0.123745 0 0 0 -1.31047e-05 -1.67492e-05 2.41466e-05 0 0 0 0 0 0 0 0 0 0.000786067 0.000555833 1 0
32 112 0 0.833181 -0.484512 -0.266567 -0.978647 0.0213533 0 0.00351458 0.0042524 0.003256 0.00351458 0.0042524 0.003256 0 0 0 -0.000101753 -0.000123114 -9.42668e-05 0 0 0 0 0 0 0 0 0 0.000896455 0.000633889 1 0
32 116 0 -0.443013 -0.747724 0.49462 0.136427 1.13643 0 -0.0757688 -0.150997 -0.296127 -0.0757688 -0.150997 -0.296127 0 0 0 5.42222e-06 1.08057e-05 2.11917e-05 0 0 0 0 0 0 0 0 0 0.000784495 0.000554722 1 0
33 47 0 -0.758844 0.00327173 -0.651264 -0.740384 0.259616 0 0.00471563 -0.0775189 -0.00588402 0.00471563 -0.0775189 -0.00588402 0 0 0 -6.63167e-06 0.000109016 8.27479e-06 0 0 0 0 0 0 0 0 0 0.000850971 0.000601727 1 0
33 59 0 0.220502 0.957191 0.187523 -0.634853 0.365147 0 -0.0818217 0.0224211 0.0692994 -0.0818217 0.0224211 0.0692994 0 0 0 0.000109002 -9.94232e-05 2.2747e-05 0 0 0 0 0 0 0 0 0 0.000862247 0.0006097 1 0
33 92 0 -0.333352 -0.342789 0.878278 1.76325 2.76325 0 -0.671891 0.409262 -0.26128 -0.671891 0.409262 -0.26128 0 0 0 -0.000200674 -0.000291406 6.71595e-05 0 0 0 0 0 0 0 0 0 0.000807209 0.000570783 1 0
33 106 0 0.440548 0.407636 -0.799844 0.0793847 1.07938 0 -0.284552 0.122423 -0.0943371 -0.284552 0.122423 -0.0943371 0 0 0 1.83718e-05 -7.9041e-06 6.09079e-06 0 0 0 0 0 0 0 0 0 0.000892275 0.000630933 1 0
33 110 0 0.920685 -0.250414 -0.299387 2.39999 3.39999 0 0.184334 -0.402751 0.918807 0.184334 -0.402751 0.918807 0 0 0 3.52409e-05 8.71643e-06 -0.000157902 0 0 0 0 0 0 0 0 0 0.000800384 0.000565957 1 0
33 113 0 0.469066 0.877064 -0.103617 -0.515103 0.484897 0 0.037999 -0.0287286 0.137448 0.037999 -0.0287286 0.137448 0 0 0 -0.000112701 0.000147749 -4.14872e-05 0 0 0 0 0 0 0 0 0 0.000878783 0.000621393 1 0
33 114 0 0.159893 0.0163882 -0.986998 1.88401 2.88401 0 0.860005 0.092512 0.0201877 0.860005 0.092512 0.0201877 0 0 0 -0.000121386 -3.15025e-05 3.21733e-05 0 0 0 0 0 0 0 0 0 0.000857616 0.000606426 1 0
35 56 0 -0.915117 0.401539 0.0364195 1.0579 2.0579 0 -0.0893221 -0.51337 0.331086 -0.0893221 -0.51337 0.331086 0 0 0 -0.000124326 0.000289733 -0.000124774 0 0 0 0 0 0 0 0 0 0.000835607 0.000590863 1 0
35 91 0 -0.0558694 0.51808 -0.853506 0.931661 1.93166 0 -0.38799 0.356227 0.241628 -0.38799 0.356227 0.241628 0 0 0 0.000155785 -0.000143032 -9.70181e-05 0 0 0 0 0 0 0 0 0 0.000742711 0.000525176 1 0
36 39 0 0.502345 -0.572707 0.647808 -1 0 0 -0 -0 -0 -0 -0 -0 0 0 0 4.104e-05 7.42976e-05 3.38597e-05 0 0 0 0 0 0 0 0 0 0.000875714 0.000619223 1 0
36 57 0 0.222718 -0.53233 0.816714 0.853795 1.85379 0 -0.499205 -0.200771 0.140624 -0.499205 -0.200771 0.140624 0 0 0 0.000151302 9.95218e-05 -0.000103151 0 0 0 0 0 0 0 0 0 0.000829354 0.000586442 1 0
36 80 0 -0.37657 -0.066401 -0.924005 -0.787055 0.212945 0 -0.0554904 -0.0238444 0.0208176 -0.0554904 -0.0238444 0.0208176 0 0 0 4.52328e-05 2.57785e-05 -2.02867e-05 0 0 0 0 0 0 0 0 0 0.000844575 0.000597205 1 0
36 97 0 -0.21598 -0.907334 -0.36069 -0.499928 0.500072 0 0.129273 -0.0472507 -0.0596864 0.129273 -0.0472507 -0.0596864 0 0 0 -1.8989e-05 1.60117e-05 -2.89077e-05 0 0 0 0 0 0 0 0 0 0.000900429 0.000636699 1 0
36 121 0 0.498671 0.820213 0.280318 -0.955247 0.0447532 0 0.00865188 -0.00579617 0.00847382 0.00865188 -0.00579617 0.00847382 0 0 0 -8.00033e-05 -5.4559e-06 3.60725e-05 0 0 0 0 0 0 0 0 0 0.000826307 0.000584287 1 0
37 38 0 0.830087 0.471822 0.297219 -0.598233 0.401767 0 0.0896611 0.0641549 -0.0487085 0.0896611 0.0641549 -0.0487085 0 0 0 -0.000122491 -1.40476e-05 2.03313e-05 0 0 0 0 0 0 0 0 0 0.000803174 0.00056793 1 0
37 54 0 -0.13969 0.331159 -0.933178 -1 0 0 -0 -0 -0 -0 -0 -0 0 0 0 -7.66556e-06 1.54254e-05 -6.55037e-05 0 0 0 0 0 0 0 0 0 0.000750064 0.000530376 1 0
37 69 0 0.789999 0.292861 -0.538641 -0.341742 0.658258 0 0.00197056 0.179309 0.082714 0.00197056 0.179309 0.082714 0 0 0 -0.000153746 -0.000390664 -9.6783e-05 0 0 0 0 0 0 0 0 0 0.000803649 0.000568266 1 0
37 73 0 -0.758042 -0.643083 -0.108703 0.598134 1.59813 0 0.232195 -0.31962 0.271645 0.232195 -0.31962 0.271645 0 0 0 -6.5821e-05 9.06036e-05 -7.7004e-05 0 0 0 0 0 0 0 0 0 0.000788543 0.000557584 1 0
37 83 0 -0.868341 -0.397195 0.297019 -0.313355 0.686645 0 -0.124184 -0.05723 -0.154066 -0.124184 -0.05723 -0.154066 0 0 0 8.37357e-05 1.57808e-05 -0.00013702 0 0 0 0 0 0 0 0 0 0.000842549 0.000595772 1 0
37 108 0 -0.123168 0.961051 0.247408 0.955224 1.95522 0 -0.48243 0.0352028 -0.331788 -0.48243 0.0352028 -0.331788 0 0 0 0.000282512 -5.27667e-05 0.000153553 0 0 0 0 0 0 0 0 0 0.000778332 0.000550364 1 0
38 69 0 -0.107441 -0.237302 -0.965476 0.663327 1.66333 0 -0.167523 -0.435825 0.176043 -0.167523 -0.435825 0.176043 0 0 0 0.000123441 0.000136496 -8.9796e-05 0 0 0 0 0 0 0 0 0 0.000859443 0.000607718 1 0
38 83 0 0.271363 -0.960491 0.0617979 0.586816 1.58682 0 -0.28676 -0.0568439 0.375708 -0.28676 -0.0568439 0.375708 0 0 0 5.16222e-05 1.0233e-05 -6.76344e-05 0 0 0 0 0 0 0 0 0 0.00090753 0.000641721 1 0
38 108 0 -0.964655 0.232112 -0.124755 0.538328 1.53833 0 0.0463664 0.458626 -0.0222027 0.0463664 0.458626 -0.0222027 0 0 0 5.00473e-05 -9.86298e-05 -0.000107954 0 0 0 0 0 0 0 0 0 0.000828685 0.000585969 1 0
39 57 0 -0.703906 0.556977 -0.440788 1.29402 2.29402 0 -0.128177 0.31253 0.599601 -0.128177 0.31253 0.599601 0 0 0 -1.33213e-05 -6.40604e-05 -0.000123453 0 0 0 0 0 0 0 0 0 0.00085263 0.0006029 1 0
39 64 0 0.0295268 0.0770112 0.996593 4.15483 5.15483 0 1.39705 -0.663062 0.00984626 1.39705 -0.663062 0.00984626 0 0 0 -7.20649e-05 3.4203e-05 -5.07905e-07 0 0 0 0 0 0 0 0 0 0.000890903 0.000629963 1 0
39 77 0 -0.417383 -0.711374 0.565454 1.73308 2.73308 0 0.00263954 0.509243 0.642605 0.00263954 0.509243 0.642605 0 0 0 -1.36306e-07 -2.62974e-05 -3.31842e-05 0 0 0 0 0 0 0 0 0 0.000904575 0.000639631 1 0
40 45 0 -0.95284 0.301573 0.0338996 1.27696 2.27696 0 0.0396005 0.0486596 0.680201 0.0396005 0.0486596 0.680201 0 0 0 -6.14364e-06 -7.54907e-06 -0.000105527 0 0 0 0 0 0 0 0 0 0.000931765 0.000658857 1 0
40 49 0 -0.861531 0.501619 -0.0783752 0.622669 1.62267 0 -0.10639 -0.122716 0.384074 -0.10639 -0.122716 0.384074 0 0 0 4.2556e-06 4.90862e-06 -1.5363e-05 0 0 0 0 0 0 0 0 0 0.000836128 0.000591232 1 0
40 92 0 -0.00259238 0.588634 -0.808396 -0.869565 0.130435 0 -0.0363894 -0.0128892 -0.00639346 -0.0363894 -0.0128892 -0.00639346 0 0 0 0.000131311 5.43607e-06 -0.000140211 0 0 0 0 0 0 0 0 0 0.000838513 0.000592918 1 0
40 94 0 0.924313 -0.357482 -0.133609 0.510935 1.51094 0 -0.0137951 -0.189484 0.411544 -0.0137951 -0.189484 0.411544 0 0 0 1.9792e-06 2.71856e-05 -5.9045e-05 0 0 0 0 0 0 0 0 0 0.000929055 0.000656941 1 0
40 123 0 -0.288872 -0.563561 -0.77392 -0.0316172 0.968383 0 -0.0874145 -0.20742 0.18367 -0.0874145 -0.20742 0.18367 0 0 0 2.59387e-05 6.15481e-05 -5.45006e-05 0 0 0 0 0 0 0 0 0 0.000940742 0.000665205 1 0
41 55 0 0.165283 0.0193776 -0.986056 -0.519306 0.480694 0 0.108459 -0.0921727 0.0231711 0.108459 -0.0921727 0.0231711 0 0 0 -4.79082e-05 0.000145478 -4.2169e-05 0 0 0 0 0 0 0 0 0 0.000795439 0.000562461 1 0
41 70 0 0.777383 0.058713 -0.626282 1.91903 2.91903 0 0.463021 -0.503259 0.546999 0.463021 -0.503259 0.546999 0 0 0 -9.22205e-05 4.39182e-05 -0.00018225 0 0 0 0 0 0 0 0 0 0.000824187 0.000582789 1 0
41 101 0 -0.625484 0.0227482 0.779905 -0.484438 0.515562 0 0.0085655 0.154413 0.00236563 0.0085655 0.154413 0.00236563 0 0 0 -3.42984e-06 -6.18308e-05 -9.47256e-07 0 0 0 0 0 0 0 0 0 0.000754323 0.000533387 1 0
41 105 0 -0.538802 -0.767169 -0.348057 -0.92397 0.0760305 0 0.0192077 -0.0120756 -0.0023458 0.0192077 -0.0120756 -0.0023458 0 0 0 -8.79357e-05 5.00896e-05 2.57221e-05 0 0 0 0 0 0 0 0 0 0.000779437 0.000551146 1 0
42 69 0 -0.235194 0.950371 0.203666 -0.306227 0.693773 0 -0.0530819 0.07162 -0.188074 -0.0530819 0.07162 -0.188074 0 0 0 1.89606e-05 -1.57064e-05 9.51866e-05 0 0 0 0 0 0 0 0 0 0.00085596 0.000605255 1 0
42 73 0 0.50167 -0.092966 0.860049 1.55806 2.55806 0 -0.0852649 -0.76197 -0.0326289 -0.0852649 -0.76197 -0.0326289 0 0 0 9.63624e-06 8.61142e-05 3.68756e-06 0 0 0 0 0 0 0 0 0 0.000837777 0.000592398 1 0
42 83 0 0.119884 0.155609 0.980517 -0.691039 0.308961 0 0.0789344 0.0483832 -0.00442223 0.0789344 0.0483832 -0.00442223 0 0 0 -7.15366e-05 -9.36071e-05 -3.23065e-05 0 0 0 0 0 0 0 0 0 0.000903432 0.000638823 1 0
43 80 0 0.00671168 0.967275 0.25364 0.572469 1.57247 0 0.174826 0.11 -0.424117 0.174826 0.11 -0.424117 0 0 0 -2.46697e-05 -1.55221e-05 5.98474e-05 0 0 0 0 0 0 0 0 0 0.000850409 0.00060133 1 0
43 97 0 0.200223 -0.104086 0.974206 -0.581019 0.418981 0 0.103944 0.0691841 -0.0144333 0.103944 0.0691841 -0.0144333 0 0 0 -0.000188121 -4.87544e-05 6.01154e-05 0 0 0 0 0 0 0 0 0 0.000907509 0.000641706 1 0
44 65 0 0.930584 -0.315655 -0.185408 0.833517 1.83352 0 -0.14401 -0.373141 -0.377607 -0.14401 -0.373141 -0.377607 0 0 0 2.97537e-05 5.32195e-05 5.87316e-05 0 0 0 0 0 0 0 0 0 0.00084605 0.000598248 1 0
44 90 0 0.817572 -0.144371 0.557434 0.948981 1.94898 0 0.363159 -0.276757 -0.365224 0.363159 -0.276757 -0.365224 0 0 0 -9.88282e-05 -6.37002e-05 0.000227046 0 0 0 0 0 0 0 0 0 0.00090228 0.000638008 1 0
44 102 0 0.609881 0.683957 0.40031 0.881065 1.88107 0 0.327362 -0.0211491 -0.459177 0.327362 -0.0211491 -0.459177 0 0 0 -1.85768e-05 -0.000120962 0.000262387 0 0 0 0 0 0 0 0 0 0.000879372 0.00062181 1 0
44 122 0 -0.675875 0.66394 0.319963 -1 0 0 0 -0 0 0 -0 0 0 0 0 -4.6424e-06 3.21219e-05 -7.6461e-05 0 0 0 0 0 0 0 0 0 0.000801388 0.000566667 1 0
45 49 0 0.544486 0.713384 -0.441156 3.56348 4.56348 0 1.03548 -0.455174 -0.202278 1.03548 -0.455174 -0.202278 0 0 0 -2.37763e-05 1.14078e-05 -1.08979e-05 0 0 0 0 0 0 0 0 0 0.000848568 0.000600028 1 0
45 53 0 -0.563071 0.71036 0.422303 0.133445 1.13344 0 0.0563333 0.203226 -0.266737 0.0563333 0.203226 -0.266737 0 0 0 -1.87652e-05 -6.76964e-05 8.88527e-05 0 0 0 0 0 0 0 0 0 0.000896019 0.000633581 1 0
45 76 0 0.272455 0.918357 -0.287034 -0.446493 0.553507 0 -0.00612333 0.0511552 0.157857 -0.00612333 0.0511552 0.157857 0 0 0 5.87328e-06 -4.90663e-05 -0.000151411 0 0 0 0 0 0 0 0 0 0.000806377 0.000570194 1 0
45 85 0 -0.494525 0.856765 -0.14628 -0.970757 0.0292433 0 0.00712496 0.00495734 0.00127467 0.00712496 0.00495734 0.00127467 0 0 0 -5.59433e-05 -5.13483e-05 -6.62258e-05 0 0 0 0 0 0 0 0 0 0.000817194 0.000577844 1 0
45 94 0 -0.807205 -0.572687 -0.143003 0.801246 1.80125 0 -0.242735 0.482286 -0.0219992 -0.242735 0.482286 -0.0219992 0 0 0 4.27982e-05 -0.000192425 -3.38045e-05 0 0 0 0 0 0 0 0 0 0.000946212 0.000669073 1 0
45 123 0 0.408576 -0.651272 -0.639461 -0.154919 0.845081 0 0.165404 0.177048 -0.0746352 0.165404 0.177048 -0.0746352 0 0 0 -0.00013141 -9.12912e-06 0.000111213 0 0 0 0 0 0 0 0 0 0.000958567 0.00067781 1 0
46 63 0 0.533277 0.800108 -0.27467 1.35566 2.35566 0 0.547834 -0.410683 0.175041 0.547834 -0.410683 0.175041 0 0 0 -0.000154897 8.09212e-05 -5.06922e-06 0 0 0 0 0 0 0 0 0 0.000808141 0.000571442 1 0
47 82 0 -0.822311 0.568618 -0.0218461 0.678091 1.67809 0 0.209873 0.289906 -0.354044 0.209873 0.289906 -0.354044 0 0 0 -4.25542e-05 -5.8782e-05 7.17866e-05 0 0 0 0 0 0 0 0 0 0.000795393 0.000562428 1 0
47 93 0 0.277931 0.947279 0.159428 0.488161 1.48816 0 -0.0918803 0.0985901 -0.425622 -0.0918803 0.0985901 -0.425622 0 0 0 1.12025e-05 -1.20205e-05 5.18938e-05 0 0 0 0 0 0 0 0 0 0.000856756 0.000605818 1 0
47 106 0 -0.891279 0.448116 0.0693872 1.12189 2.12189 0 0.279698 0.567355 -0.0713696 0.279698 0.567355 -0.0713696 0 0 0 -3.58173e-05 -7.26539e-05 9.13939e-06 0 0 0 0 0 0 0 0 0 0.000905877 0.000640552 1 0
47 114 0 0.929413 0.00250385 0.369032 0.52413 1.52413 0 -0.093218 0.392696 0.214867 -0.093218 0.392696 0.214867 0 0 0 2.70681e-05 -0.000184655 3.01261e-05 0 0 0 0 0 0 0 0 0 0.000869673 0.000614952 1 0
48 68 0 -0.854463 -0.423082 0.301487 -1 0 0 0 -0 0 0 -0 0 0 0 0 -5.24962e-05 0.000109452 -6.2436e-05 0 0 0 0 0 0 0 0 0 0.000786928 0.000556442 1 0
48 81 0 0.934277 -0.0965967 0.343214 -0.850851 0.149149 0 -0.0113614 0.0221718 0.0371675 -0.0113614 0.0221718 0.0371675 0 0 0 2.53127e-05 -4.93977e-05 -8.28074e-05 0 0 0 0 0 0 0 0 0 0.000751267 0.000531226 1 0
48 103 0 -0.515465 -0.351568 -0.78147 0.337529 1.33753 0 -0.316695 -0.0631485 0.238171 -0.316695 -0.0631485 0.238171 0 0 0 6.75697e-05 9.04474e-05 -8.37091e-05 0 0 0 0 0 0 0 0 0 0.00080985 0.000572651 1 0
48 111 0 0.731485 -0.607116 0.310387 -0.903021 0.0969787 0 -0.0196319 -0.0168493 0.013309 -0.0196319 -0.0168493 0.013309 0 0 0 5.38498e-05 4.62173e-05 -3.65062e-05 0 0 0 0 0 0 0 0 0 0.000806201 0.00057007 1 0
49 53 0 -0.661633 0.556318 0.502744 0.0447699 1.04477 0 -0.18359 0.00683991 -0.253943 -0.18359 0.00683991 -0.253943 0 0 0 0.000110257 -9.75062e-06 0.000159725 0 0 0 0 0 0 0 0 0 0.000810008 0.000572762 1 0
49 85 0 -0.618102 0.782227 -0.0779142 -0.969494 0.0305062 0 -0.00645783 -0.00639147 -0.00109649 -0.00645783 -0.00639147 -0.00109649 0 0 0 0.000111279 0.000139282 2.3122e-05 0 0 0 0 0 0 0 0 0 0.000750374 0.000530595 1 0
49 92 0 0.566102 0.27291 -0.777849 -1 0 0 -0 -0 -0 -0 -0 -0 0 0 0 6.07373e-05 2.04331e-05 5.13723e-05 0 0 0 0 0 0 0 0 0 0.000776339 0.000548954 1 0
49 94 0 -0.785038 -0.618261 -0.038318 0.53026 1.53026 0 0.0670113 0.142303 0.431291 0.0670113 0.142303 0.431291 0 0 0 -0.000132944 -9.72518e-05 -0.000173079 0 0 0 0 0 0 0 0 0 0.000846519 0.00059858 1 0
49 123 0 0.316671 -0.76348 -0.562865 -0.660583 0.339417 0 0.0745677 -0.0183654 0.0668634 0.0745677 -0.0183654 0.0668634 0 0 0 -7.5427e-05 0.000115901 2.41441e-06 0 0 0 0 0 0 0 0 0 0.000855332 0.000604811 1 0
50 57 0 0.0342867 -0.112147 0.9931 -1 0 0 0 0 0 0 0 0 0 0 0 -2.10323e-05 -3.63731e-05 -3.38132e-06 0 0 0 0 0 0 0 0 0 0.000773052 0.00054663 1 0
51 64 0 0.630139 0.395055 -0.668473 -0.653164 0.346836 0 -0.0549378 -0.0429978 -0.0771983 -0.0549378 -0.0429978 -0.0771983 0 0 0 2.8764e-05 2.25125e-05 4.0419e-05 0 0 0 0 0 0 0 0 0 0.000775286 0.00054821 1 0
51 91 0 0.0569775 -0.667015 0.742863 -1 0 0 -0 -0 -0 -0 -0 -0 0 0 0 5.42075e-05 -7.80799e-05 5.1489e-05 0 0 0 0 0 0 0 0 0 0.000718412 0.000507994 1 0
52 99 0 -0.9602 -0.197064 -0.197942 1.08542 2.08542 0 -0.0407976 -0.332162 0.528595 -0.0407976 -0.332162 0.528595 0 0 0 5.912e-06 4.81338e-05 -7.6599e-05 0 0 0 0 0 0 0 0 0 0.000790723 0.000559125 1 0
53 76 0 0.725197 0.293093 -0.623046 -1 0 0 0 0 0 0 0 0 0 0 0 -9.6791e-05 -4.48005e-05 -0.000133735 0 0 0 0 0 0 0 0 0 0.00077307 0.000546643 1 0
53 85 0 -0.0640597 0.493125 -0.867597 0.367717 1.36772 0 0.0600133 -0.350965 -0.203913 0.0600133 -0.350965 -0.203913 0 0 0 -9.30866e-06 5.44381e-05 3.16289e-05 0 0 0 0 0 0 0 0 0 0.000782586 0.000553372 1 0
53 86 0 -0.895547 0.382679 0.227051 0.409484 1.40948 0 0.0648357 0.314771 -0.274797 0.0648357 0.314771 -0.274797 0 0 0 -1.77387e-05 -8.61197e-05 7.51831e-05 0 0 0 0 0 0 0 0 0 0.000882411 0.000623959 1 0
53 94 0 -0.12776 -0.905028 -0.405711 -1 0 0 -0 -0 0 -0 -0 0 0 0 0 6.06115e-05 1.37177e-05 -4.96871e-05 0 0 0 0 0 0 0 0 0 0.000893608 0.000631876 1 0
54 69 0 0.851348 -0.0928002 0.516328 -0.712846 0.287154 0 0.0286985 0.0737359 -0.034067 0.0286985 0.0737359 -0.034067 0 0 0 -3.04959e-05 -7.8354e-05 3.62006e-05 0 0 0 0 0 0 0 0 0 0.000795272 0.000562342 1 0
54 77 0 0.178605 0.908518 -0.37775 -0.121983 0.878017 0 -0.241817 0.00414998 -0.104353 -0.241817 0.00414998 -0.104353 0 0 0 6.39479e-05 -1.09745e-06 2.75959e-05 0 0 0 0 0 0 0 0 0 0.000812607 0.0005746 1 0
55 60 0 0.3012 -0.86283 -0.405959 0.437858 1.43786 0 0.0398654 -0.171383 0.393837 0.0398654 -0.171383 0.393837 0 0 0 -1.00791e-05 4.33305e-05 -9.95735e-05 0 0 0 0 0 0 0 0 0 0.00092369 0.000653148 1 0
55 62 0 -0.500192 0.333421 -0.799149 -1 0 0 0 0 0 0 0 0 0 0 0 -5.29268e-05 -0.000125623 -2.81158e-05 0 0 0 0 0 0 0 0 0 0.000865736 0.000612168 1 0
55 70 0 0.299249 0.0129401 0.954087 1.07171 2.07171 0 0.577782 -0.171729 -0.151513 0.577782 -0.171729 -0.151513 0 0 0 -0.000164928 -0.000119438 -2.11315e-05 0 0 0 0 0 0 0 0 0 0.000915573 0.000647408 1 0
55 124 0 -0.990163 -0.12498 -0.0629101 0.0581667 1.05817 0 -0.154785 0.228084 0.15746 -0.154785 0.228084 0.15746 0 0 0 4.58245e-05 -4.14928e-05 1.47361e-05 0 0 0 0 0 0 0 0 0 0.000776814 0.000549291 1 0
56 83 0 0.00276318 -0.995236 -0.0974528 -0.0787068 0.921293 0 0.219275 0.0165921 -0.167432 0.219275 0.0165921 -0.167432 0 0 0 -7.57703e-05 -5.86068e-06 5.77037e-05 0 0 0 0 0 0 0 0 0 0.000963783 0.000681497 1 0
56 89 0 -0.109786 -0.546864 0.829992 -0.0934633 0.906537 0 0.265522 0.0264471 0.0525469 0.265522 0.0264471 0.0525469 0 0 0 0.000102324 0.000155321 -1.52577e-05 0 0 0 0 0 0 0 0 0 0.000827204 0.000584922 1 0
56 91 0 0.731717 0.0540366 -0.679463 -0.413645 0.586355 0 -0.0111388 0.175543 0.00196513 -0.0111388 0.175543 0.00196513 0 0 0 1.35067e-05 -0.000212859 -2.38288e-06 0 0 0 0 0 0 0 0 0 0.000827282 0.000584977 1 0
56 112 0 0.549599 0.823341 -0.141597 -0.546536 0.453464 0 -0.0889295 0.0720145 0.0735673 -0.0889295 0.0720145 0.0735673 0 0 0 0.000131237 -0.000106275 -0.000108567 0 0 0 0 0 0 0 0 0 0.000958976 0.000678099 1 0
57 64 0 0.660464 -0.508335 0.552615 1.72454 2.72454 0 0.176483 0.626023 0.364934 0.176483 0.626023 0.364934 0 0 0 -7.05934e-06 -2.50409e-05 -1.45974e-05 0 0 0 0 0 0 0 0 0 0.00084222 0.00059554 1 0
59 106 0 0.143498 -0.56997 -0.809038 -0.62865 0.37135 0 0.00760299 0.0914915 -0.0631076 0.00760299 0.0914915 -0.0631076 0 0 0 -2.92941e-06 -3.52514e-05 2.43151e-05 0 0 0 0 0 0 0 0 0 0.000919515 0.000650195 1 0
59 110 0 0.0104281 -0.968332 -0.249449 -0.817844 0.182156 0 0.0420915 -0.00826818 0.0338557 0.0420915 -0.00826818 0.0338557 0 0 0 -0.000111016 2.18071e-05 -8.92938e-05 0 0 0 0 0 0 0 0 0 0.000819869 0.000579735 1 0
59 113 0 0.679911 -0.0666743 -0.730257 2.42031 3.42031 0 0.416741 0.902609 0.253952 0.416741 0.902609 0.253952 0 0 0 -9.54149e-05 -9.86069e-05 6.51227e-05 0 0 0 0 0 0 0 0 0 0.00090477 0.000639769 1 0
59 114 0 -0.14415 -0.853731 -0.500364 -0.973499 0.0265005 0 0.007789 -0.000413798 -0.00153791 0.007789 -0.000413798 -0.00153791 0 0 0 -0.000158126 8.40061e-06 3.12214e-05 0 0 0 0 0 0 0 0 0 0.00088172 0.00062347 1 0
59 115 0 0.881817 0.0797175 0.464806 1.63782 2.63782 0 -0.321585 -0.294086 0.660549 -0.321585 -0.294086 0.660549 0 0 0 1.87681e-05 0.000119478 -5.7411e-05 0 0 0 0 0 0 0 0 0 0.000837575 0.000592255 1 0
59 123 0 -0.674248 0.60285 0.426569 -0.0461965 0.953804 0 0.0847551 -0.101765 0.253648 0.0847551 -0.101765 0.253648 0 0 0 -0.000127811 0.000198371 -7.0933e-05 0 0 0 0 0 0 0 0 0 0.000924863 0.000653977 1 0
60 96 0 0.195774 -0.963111 -0.184633 0.313353 1.31335 0 0.259078 0.105831 -0.277342 0.259078 0.105831 -0.277342 0 0 0 -6.38503e-05 -2.60823e-05 6.83515e-05 0 0 0 0 0 0 0 0 0 0.000928927 0.000656851 1 0
61 74 0 0.977343 -0.0723641 -0.198909 0.437087 1.43709 0 -0.0848493 -0.283046 -0.313935 -0.0848493 -0.283046 -0.313935 0 0 0 2.52148e-05 8.41133e-05 9.32928e-05 0 0 0 0 0 0 0 0 0 0.000865659 0.000612114 1 0
61 104 0 -0.983978 -0.17764 -0.0151918 0.891735 1.89173 0 0.0186138 0.319191 0.468882 0.0186138 0.319191 0.468882 0 0 0 -9.01715e-06 -6.36375e-05 -7.55276e-05 0 0 0 0 0 0 0 0 0 0.000879172 0.000621668 1 0
61 119 0 -0.5988 -0.473238 0.64613 0.301928 1.30193 0 0.0949613 0.25828 0.277174 0.0949613 0.25828 0.277174 0 0 0 -8.29373e-06 -2.25576e-05 -2.42078e-05 0 0 0 0 0 0 0 0 0 0.000838727 0.000593069 1 0
62 124 0 -0.182811 -0.474151 0.861256 -0.725561 0.274439 0 -0.0146751 -0.0696128 -0.0414392 -0.0146751 -0.0696128 -0.0414392 0 0 0 1.54494e-05 5.88606e-05 0.00013142 0 0 0 0 0 0 0 0 0 0.000769201 0.000543908 1 0
63 66 0 -0.507295 0.852685 0.124821 -0.325031 0.674969 0 -0.0497735 0.00998309 0.196024 -0.0497735 0.00998309 0.196024 0 0 0 8.11823e-05 -5.35035e-05 -6.48518e-05 0 0 0 0 0 0 0 0 0 0.000810063 0.000572801 1 0
63 98 0 0.590008 0.195514 0.783368 -0.0739768 0.926023 0 0.116828 -0.250764 -0.0254056 0.116828 -0.250764 -0.0254056 0 0 0 -4.48647e-05 9.62989e-05 9.75634e-06 0 0 0 0 0 0 0 0 0 0.000782467 0.000553288 1 0
64 77 0 -0.455423 -0.781094 0.427179 1.78781 2.78781 0 -0.688281 0.127572 -0.457674 -0.688281 0.127572 -0.457674 0 0 0 0.000174275 7.93335e-05 0.000116553 0 0 0 0 0 0 0 0 0 0.000892173 0.000630862 1 0
65 90 0 -0.120895 0.215412 0.969011 1.53639 2.53639 0 0.664547 0.370638 0.00051644 0.664547 0.370638 0.00051644 0 0 0 -7.31601e-05 -4.08036e-05 -5.6855e-08 0 0 0 0 0 0 0 0 0 0.00088335 0.000624623 1 0
65 102 0 -0.360902 0.804623 0.471521 0.659567 1.65957 0 -0.386033 0.0860115 -0.302416 -0.386033 0.0860115 -0.302416 0 0 0 -2.58145e-05 -5.87975e-06 -9.72497e-06 0 0 0 0 0 0 0 0 0 0.00086182 0.000609399 1 0
66 75 0 -0.631657 0.772183 -0.068868 0.278733 1.27873 0 0.215183 0.198157 0.248182 0.215183 0.198157 0.248182 0 0 0 -8.61424e-05 -7.93266e-05 -9.93523e-05 0 0 0 0 0 0 0 0 0 0.000770788 0.000545029 1 0
67 119 0 -0.585475 0.548787 -0.5967 -0.0961302 0.90387 0 -0.105946 -0.235586 -0.082481 -0.105946 -0.235586 -0.082481 0 0 0 2.45716e-05 0.000149228 5.33664e-05 0 0 0 0 0 0 0 0 0 0.000854037 0.000603896 1 0
68 81 0 -0.437248 0.898758 0.0323935 2.21928 3.21928 0 -0.549601 -0.293972 0.73774 -0.549601 -0.293972 0.73774 0 0 0 0.000102853 5.50142e-05 -0.000138061 0 0 0 0 0 0 0 0 0 0.000760864 0.000538012 1 0
68 103 0 0.433408 0.140877 -0.890119 -1 0 0 -0 0 -0 -0 0 -0 0 0 0 9.15995e-05 2.58422e-05 3.6745e-05 0 0 0 0 0 0 0 0 0 0.000821909 0.000581178 1 0
68 111 0 -0.703535 -0.703739 0.0989477 3.03786 4.03786 0 0.0514678 0.00361625 0.391664 0.0514678 0.00361625 0.391664 0 0 0 -2.05871e-06 -1.4465e-07 -1.56666e-05 0 0 0 0 0 0 0 0 0 0.000818095 0.000578481 1 0
69 83 0 0.298104 -0.627785 0.719041 -0.374028 0.625972 0 0.0861634 0.141745 0.0880337 0.0861634 0.141745 0.0880337 0 0 0 -3.99304e-05 -6.56884e-05 -4.07971e-05 0 0 0 0 0 0 0 0 0 0.000908216 0.000642206 1 0
69 108 0 -0.719262 0.362662 0.59257 -0.150029 0.849971 0 -0.110248 0.11066 -0.201545 -0.110248 0.11066 -0.201545 0 0 0 6.1144e-05 -6.13724e-05 0.000111777 0 0 0 0 0 0 0 0 0 0.000829207 0.000586338 1 0
70 117 0 0.679398 0.733604 0.015603 0.194481 1.19448 0 -0.186946 0.168314 0.255211 -0.186946 0.168314 0.255211 0 0 0 2.47337e-06 -2.54033e-06 -2.99334e-05 0 0 0 0 0 0 0 0 0 0.000871072 0.000615941 1 0
71 80 0 -0.22189 0.646326 0.730087 1.57873 2.57873 0 0.55502 -0.308563 0.441846 0.55502 -0.308563 0.441846 0 0 0 -8.35036e-05 4.64237e-05 -6.64764e-05 0 0 0 0 0 0 0 0 0 0.000778616 0.000550565 1 0
71 88 0 -0.352417 -0.156336 0.922692 0.963452 1.96345 0 0.432246 -0.397311 0.0476443 0.432246 -0.397311 0.0476443 0 0 0 -6.74534e-05 -6.61729e-05 -1.21357e-05 0 0 0 0 0 0 0 0 0 0.000818007 0.000578418 1 0
72 105 0 -0.590998 0.806237 -0.0265115 -0.0467327 0.953267 0 0.228733 0.168558 0.032464 0.228733 0.168558 0.032464 0 0 0 -9.51955e-05 0.000119985 -0.000101085 0 0 0 0 0 0 0 0 0 0.000879716 0.000622053 1 0
72 117 0 -0.858129 -0.509942 0.0597804 -0.859742 0.140258 0 0.00502413 0.00206851 0.0417253 0.00502413 0.00206851 0.0417253 0 0 0 -3.13562e-05 6.09949e-07 -8.34596e-05 0 0 0 0 0 0 0 0 0 0.000860155 0.000608222 1 0
73 83 0 -0.36759 0.40483 0.837251 1.09231 2.09231 0 0.121013 0.573648 -0.224242 0.121013 0.573648 -0.224242 0 0 0 -3.69167e-05 -0.000174999 6.8408e-05 0 0 0 0 0 0 0 0 0 0.000886581 0.000626907 1 0
73 112 0 0.540913 -0.721917 0.431565 -0.20273 0.79727 0 0.153447 0.164066 0.0821208 0.153447 0.164066 0.0821208 0 0 0 -0.000128289 -0.000137167 -6.86571e-05 0 0 0 0 0 0 0 0 0 0.000882836 0.000624259 1 0
74 98 0 0.259696 0.884008 -0.3887 0.226691 1.22669 0 -0.353786 0.0730744 -0.0701783 -0.353786 0.0730744 -0.0701783 0 0 0 4.53757e-05 -9.37235e-06 9.00089e-06 0 0 0 0 0 0 0 0 0 0.000792093 0.000560094 1 0
74 104 0 0.896668 -0.23357 0.376075 2.02675 3.02675 0 -0.00731302 0.76342 0.491575 -0.00731302 0.76342 0.491575 0 0 0 8.7565e-07 -9.14107e-05 -5.88604e-05 0 0 0 0 0 0 0 0 0 0.000892437 0.000631048 1 0
76 85 0 -0.986393 -0.0140778 0.163799 -0.910481 0.0895191 0 -0.00099636 -0.0242996 -0.0113915 -0.00099636 -0.0242996 -0.0113915 0 0 0 5.02693e-06 6.24984e-05 3.56436e-05 0 0 0 0 0 0 0 0 0 0.000720725 0.00050963 1 0
76 86 0 0.460375 0.00691296 0.887697 -0.964383 0.0356173 0 0.00751028 -0.00655695 -0.0038439 0.00751028 -0.00655695 -0.0038439 0 0 0 -7.53358e-05 6.5773e-05 3.85583e-05 0 0 0 0 0 0 0 0 0 0.000796415 0.000563151 1 0
76 115 0 -0.629553 0.606028 -0.486204 -1 0 0 0 0 -0 0 0 -0 0 0 0 -0.000103296 -4.4416e-05 7.83893e-05 0 0 0 0 0 0 0 0 0 0.000751142 0.000531137 1 0
77 121 0 0.172933 -0.695083 -0.697821 -0.794577 0.205423 0 0.0539272 -0.0133581 0.0266698 0.0539272 -0.0133581 0.0266698 0 0 0 -8.84142e-05 2.19007e-05 -4.37255e-05 0 0 0 0 0 0 0 0 0 0.000850421 0.000601338 1 0
78 80 0 0.703808 0.654889 -0.275273 -1 0 0 -0 0 0 -0 0 0 0 0 0 5.95058e-05 -8.98647e-05 -6.16508e-05 0 0 0 0 0 0 0 0 0 0.000772953 0.00054656 1 0
78 88 0 0.924212 0.366516 -0.107226 -0.457624 0.542376 0 0.0291776 0.0693188 0.144288 0.0291776 0.0693188 0.144288 0 0 0 -1.36453e-05 -3.20117e-05 -2.00561e-05 0 0 0 0 0 0 0 0 0 0.000811447 0.00057378 1 0
78 97 0 0.894796 -0.308752 0.322508 -0.681712 0.318288 0 -0.0265532 -0.00242159 0.0916881 -0.0265532 -0.00242159 0.0916881 0 0 0 -4.60991e-05 -1.37009e-06 -7.1068e-05 0 0 0 0 0 0 0 0 0 0.000815076 0.000576346 1 0
80 88 0 -0.223787 -0.874302 0.430715 2.0295 3.0295 0 -0.618563 -0.160086 -0.646342 -0.618563 -0.160086 -0.646342 0 0 0 6.47393e-05 1.67547e-05 6.76467e-05 0 0 0 0 0 0 0 0 0 0.000888576 0.000628318 1 0
80 97 0 0.142626 -0.842801 0.518984 -0.761821 0.238179 0 0.0674607 -0.0028275 -0.0233814 0.0674607 -0.0028275 -0.0233814 0 0 0 -6.53804e-05 3.63986e-06 2.38786e-05 0 0 0 0 0 0 0 0 0 0.000893347 0.000631692 1 0
81 111 0 -0.11753 -0.992432 0.0355856 1.58566 2.58566 0 0.430032 -0.0792661 -0.640699 0.430032 -0.0792661 -0.640699 0 0 0 -4.68545e-05 8.09815e-06 7.10979e-05 0 0 0 0 0 0 0 0 0 0.000778243 0.000550301 1 0
82 93 0 -0.951528 0.262795 0.159789 -1 0 0 -0 -0 0 -0 -0 0 0 0 0 -9.17934e-05 0.000151482 2.03619e-05 0 0 0 0 0 0 0 0 0 0.000790692 0.000559104 1 0
82 106 0 0.402478 -0.854144 0.329317 3.7813 4.7813 0 -0.217749 -0.176458 -0.191552 -0.217749 -0.176458 -0.191552 0 0 0 8.70997e-06 7.05834e-06 7.66209e-06 0 0 0 0 0 0 0 0 0 0.000828809 0.000586057 1 0
82 118 0 -0.76007 0.644757 0.0811305 -1 0 0 -0 -0 0 -0 -0 0 0 0 0 1.63665e-06 2.0972e-05 -0.000151335 0 0 0 0 0 0 0 0 0 0.000744168 0.000526206 1 0
84 89 0 0.471327 0.162434 -0.866871 -0.80109 0.19891 0 0.040686 -0.0273871 0.0339921 0.040686 -0.0273871 0.0339921 0 0 0 -6.28067e-05 8.65528e-05 -0.000131294 0 0 0 0 0 0 0 0 0 0.000797959 0.000564242 1 0
84 93 0 0.248803 -0.965774 0.0733274 1.56212 2.56212 0 0.407026 -0.101841 -0.644017 0.407026 -0.101841 -0.644017 0 0 0 -0.00021865 0.000126777 3.58764e-05 0 0 0 0 0 0 0 0 0 0.000863894 0.000610865 1 0
84 113 0 -0.593937 -0.593406 0.543239 0.129805 1.1298 0 0.254421 -0.220886 0.0368806 0.254421 -0.220886 0.0368806 0 0 0 -7.60217e-05 6.60014e-05 -1.102e-05 0 0 0 0 0 0 0 0 0 0.000899827 0.000636273 1 0
84 118 0 0.69451 -0.71895 -0.0276948 1.64635 2.64635 0 -0.461359 -0.600083 0.0854868 -0.461359 -0.600083 0.0854868 0 0 0 8.33257e-06 8.14859e-05 1.71997e-05 0 0 0 0 0 0 0 0 0 0.000804213 0.000568665 1 0
85 86 0 -0.701526 0.0180799 0.712414 -0.739664 0.260336 0 0.00957937 0.0773481 0.00502296 0.00957937 0.0773481 0.00502296 0 0 0 2.84302e-06 -0.000116246 5.74969e-06 0 0 0 0 0 0 0 0 0 0.000806832 0.000570516 1 0
85 115 0 0.140562 0.703246 -0.696913 -0.340155 0.659845 0 -0.192375 -0.00723495 -0.0461011 -0.192375 -0.00723495 -0.0461011 0 0 0 8.18851e-05 3.07959e-06 1.96232e-05 0 0 0 0 0 0 0 0 0 0.000759862 0.000537304 1 0
88 97 0 0.378187 -0.754104 0.536937 1.39144 2.39144 0 0.367462 0.397635 0.470709 0.367462 0.397635 0.470709 0 0 0 -3.73954e-05 -4.0466e-05 -4.79026e-05 0 0 0 0 0 0 0 0 0 0.000954336 0.000674818 1 0
89 118 0 -0.16134 -0.486505 0.858651 -0.814939 0.185061 0 -0.0487473 0.0259816 0.00556139 -0.0487473 0.0259816 0.00556139 0 0 0 0.000146323 -7.79883e-05 -1.66935e-05 0 0 0 0 0 0 0 0 0 0.000741651 0.000524427 1 0
90 100 0 -0.226403 0.462731 0.857101 0.0274888 1.02749 0 -0.283856 -0.11753 0.0250634 -0.283856 -0.11753 0.0250634 0 0 0 0.000147481 9.43669e-06 -1.99391e-05 0 0 0 0 0 0 0 0 0 0.000876315 0.000619648 1 0
90 102 0 -0.374805 0.88642 -0.271625 1.23335 2.23335 0 -0.617421 -0.159781 0.20535 -0.617421 -0.159781 0.20535 0 0 0 8.41303e-05 1.97214e-05 1.39279e-05 0 0 0 0 0 0 0 0 0 0.000921482 0.000651586 1 0
90 122 0 0.526606 0.846213 -0.0813015 -0.467383 0.532617 0 -0.092631 0.0682948 0.110845 -0.092631 0.0682948 0.110845 0 0 0 7.18957e-05 -5.30071e-05 -8.60325e-05 0 0 0 0 0 0 0 0 0 0.00083287 0.000588928 1 0
91 112 0 0.0178188 0.911007 0.412006 -0.790944 0.209056 0 -0.0278563 -0.0239845 0.0508151 -0.0278563 -0.0239845 0.0508151 0 0 0 0.000101755 0.000151483 -0.000158392 0 0 0 0 0 0 0 0 0 0.000825333 0.000583598 1 0
92 110 0 0.632426 0.141039 -0.761673 0.691438 1.69144 0 0.330995 -0.319803 0.213671 0.330995 -0.319803 0.213671 0 0 0 -8.54997e-05 0.000117053 -4.61727e-05 0 0 0 0 0 0 0 0 0 0.000772125 0.000545975 1 0
92 114 0 0.257054 0.19381 -0.946763 0.18931 1.18931 0 0.345661 -0.0879292 0.0094012 0.345661 -0.0879292 0.0094012 0 0 0 -0.000185574 4.57809e-05 8.71571e-05 0 0 0 0 0 0 0 0 0 0.000823119 0.000582033 1 0
92 123 0 -0.21215 -0.962049 0.171619 -0.805614 0.194386 0 0.047318 -0.00440521 0.0337985 0.047318 -0.00440521 0.0337985 0 0 0 -0.00010052 9.35825e-06 -7.18002e-05 0 0 0 0 0 0 0 0 0 0.000857886 0.000606617 1 0
93 106 0 -0.897271 -0.434591 -0.077681 -0.319118 0.680882 0 -0.0883202 0.158608 0.0936329 -0.0883202 0.158608 0.0936329 0 0 0 0.000132468 -0.000135518 -9.48856e-05 0 0 0 0 0 0 0 0 0 0.00089895 0.000635654 1 0
93 114 0 0.64254 -0.734902 0.216936 -0.453414 0.546586 0 0.0474602 0.0742051 0.138308 0.0474602 0.0742051 0.138308 0 0 0 -2.56475e-05 -5.09391e-05 -9.65987e-05 0 0 0 0 0 0 0 0 0 0.000863539 0.000610614 1 0
93 118 0 0.279535 0.947293 -0.156514 2.45321 3.45321 0 0.425898 0.0302724 0.943882 0.425898 0.0302724 0.943882 0 0 0 -6.25022e-05 -4.44259e-06 -0.000138518 0 0 0 0 0 0 0 0 0 0.00079369 0.000561223 1 0
94 115 0 0.233528 -0.710096 -0.66425 -0.352215 0.647785 0 -0.0812929 -0.134103 0.114779 -0.0812929 -0.134103 0.114779 0 0 0 1.57097e-05 2.59151e-05 -2.21808e-05 0 0 0 0 0 0 0 0 0 0.000860212 0.000608262 1 0
94 123 0 -0.813224 -0.226573 -0.536033 -0.65703 0.34297 0 0.0198976 -0.100801 -0.00545195 0.0198976 -0.100801 -0.00545195 0 0 0 -6.43137e-06 8.74602e-05 -5.12511e-06 0 0 0 0 0 0 0 0 0 0.000955617 0.000675723 1 0
95 101 0 0.373355 0.926859 -0.0392293 0.564157 1.56416 0 -0.408412 0.201991 0.112215 -0.408412 0.201991 0.112215 0 0 0 8.0038e-05 -0.000128955 -8.62228e-05 0 0 0 0 0 0 0 0 0 0.000792228 0.00056019 1 0
100 102 0 -0.031363 0.142997 -0.989226 -0.494708 0.505292 0 0.147724 -0.0339344 -0.0022031 0.147724 -0.0339344 -0.0022031 0 0 0 -1.80086e-06 0.000281981 -5.88447e-05 0 0 0 0 0 0 0 0 0 0.000855283 0.000604776 1 0
102 122 0 0.931323 0.34698 0.110649 0.587433 1.58743 0 -0.166777 0.446044 0.00501325 -0.166777 0.446044 0.00501325 0 0 0 3.01665e-05 -8.06803e-05 -9.06794e-07 0 0 0 0 0 0 0 0 0 0.000814752 0.000576116 1 0
104 119 0 0.369383 -0.397989 0.839739 1.11133 2.11133 0 0.103133 0.581071 0.230029 0.103133 0.581071 0.230029 0 0 0 -7.53124e-06 -4.24324e-05 -1.67978e-05 0 0 0 0 0 0 0 0 0 0.000863012 0.000610241 1 0
105 124 0 -0.0391046 0.756919 -0.652337 -0.687593 0.312407 0 -0.0435341 0.052882 0.0639696 -0.0435341 0.052882 0.0639696 0 0 0 2.71527e-05 -3.29832e-05 -3.98987e-05 0 0 0 0 0 0 0 0 0 0.00076189 0.000538737 1 0
106 113 0 0.14924 0.707639 0.690633 0.627653 1.62765 0 0.476366 -0.0732091 0.0784125 0.476366 -0.0732091 0.0784125 0 0 0 -3.20438e-05 -4.45456e-06 -2.07996e-05 0 0 0 0 0 0 0 0 0 0.00093965 0.000664433 1 0
106 114 0 -0.564214 -0.610547 0.555783 1.32804 2.32804 0 0.585257 -0.37258 0.0802469 0.585257 -0.37258 0.0802469 0 0 0 -0.000139595 7.86956e-05 -6.90775e-05 0 0 0 0 0 0 0 0 0 0.000913906 0.000646229 1 0
110 113 0 0.258523 0.965419 -0.0336393 -0.33524 0.66476 0 -0.0395916 0.00379268 -0.195422 -0.0395916 0.00379268 -0.195422 0 0 0 1.8131e-05 -1.73686e-06 8.94936e-05 0 0 0 0 0 0 0 0 0 0.000834046 0.000589759 1 0
110 114 0 -0.49322 0.198656 -0.846918 2.23213 3.23213 0 0.760452 -0.309986 -0.515576 0.760452 -0.309986 -0.515576 0 0 0 -9.93919e-05 4.05156e-05 6.73864e-05 0 0 0 0 0 0 0 0 0 0.000815886 0.000576918 1 0
113 114 0 -0.414755 -0.875909 -0.246498 -0.46338 0.53662 0 0.13901 -0.0472384 -0.0660394 0.13901 -0.0472384 -0.0660394 0 0 0 -6.13302e-05 2.08412e-05 2.91361e-05 0 0 0 0 0 0 0 0 0 0.000899425 0.00063599 1 0
113 115 0 0.353192 0.119238 0.927921 1.36634 2.36634 0 -0.469245 -0.475709 0.239736 -0.469245 -0.475709 0.239736 0 0 0 5.10809e-05 5.17846e-05 -2.60971e-05 0 0 0 0 0 0 0 0 0 0.000852707 0.000602955 1 0
113 118 0 0.825642 0.247643 -0.506939 -0.850755 0.149245 0 0.0237488 -0.0168635 0.0340041 0.0237488 -0.0168635 0.0340041 0 0 0 -3.689e-05 1.49676e-05 -5.27703e-05 0 0 0 0 0 0 0 0 0 0.000821283 0.000580735 1 0
115 123 0 0.849357 0.512043 0.128078 0.235404 1.2354 0 0.32184 -0.073879 -0.168289 0.32184 -0.073879 -0.168289 0 0 0 7.35793e-05 -0.000147353 -2.00272e-05 0 0 0 0 0 0 0 0 0 0.000869465 0.000614804 1 0
