PBC3D 06-05-2021
t 0.0
tmax 1
dt 1e-06
interVerlet 1e-05
interOut 0.0001
interConf 0.01
dVerlet 0.000855
density 2700
kn 10000
kt 10000
kr 0
dampRate 0.98
mu 0.4
mur 0
fcoh 0
fn0 0
ft0 0
mom0 0
dn0 0
dt0 0
drot0 0
powSurf 2
zetaMax 1
permamentGluer 0
numericalDampingCoeff 0
Kratio 1
iconf 0
h 0.00829594 0 0 0 0.00999846 0 0 0 0.0091952
vh -3.21043e-08 0 0 0 4.64561e-08 0 0 0 1.85448e-09
ah 3.42117e-07 0 0 0 6.824e-06 0 0 0 -3.13755e-06
hmass 9.72347e-06
hvelGrad -3.86988e-06 0 0 0 4.64633e-06 0 0 0 2.01679e-07
hstrain -0.186818 0 0 0 -0.000153686 0 0 0 -0.0839036
Sig 100 2.80192 3.3836 2.80192 100 -11.9864 3.3836 -11.9864 100
enableSwitch 1
Load IsostaticCompression 100
interVerletC 0
interOutC 0
interConfC 0
nbBonds 0
nbActiveInteractions 241
nbBondsini 0
porosityini 0
tensfailure 0
fricfailure 0
Particles 125
0.127584 0.23227 0.0305692 -0.000236369 -0.000133378 7.54426e-05 0.000354074 0.000409092 6.70281e-05 0.98948 0.0124376 0.105448 0.0982587 8.95061e-05 -3.80376e-05 5.89727e-05 -0.0326235 -0.0424914 0.0703396 0.000999999 4.52388e-12 1.13097e-05
0.388037 0.163067 0.0621481 -0.000249151 -0.00013439 6.89367e-05 -0.00157778 -0.00013848 0.00228745 0.756573 -0.185496 -0.00620357 0.627017 0.000100154 -1.56032e-05 7.77808e-05 0.0329698 -0.106903 0.0192371 0.000986846 4.23409e-12 1.08693e-05
0.482598 0.00436159 0.140542 -0.0002455 -0.000127925 7.90629e-05 0.000359776 0.000187911 0.00063526 0.821878 -0.0226933 -0.561601 -0.0927711 6.5019e-05 -8.44771e-05 -7.36107e-05 -0.000127726 -0.00118859 0.0108819 0.000924439 3.05425e-12 8.93486e-06
0.757303 0.0394917 0.144311 -0.000244167 -0.000131345 7.29207e-05 0.000397274 -0.00132353 0.00057361 0.625109 0.547801 0.499956 0.243304 -1.44742e-05 9.67896e-07 -5.87119e-05 0.00385135 -0.000162677 -0.0141246 0.000954135 3.57735e-12 9.82385e-06
0.813084 0.221765 0.049985 -0.000244299 -0.000128057 7.69498e-05 0.00142659 -0.000479758 0.00134104 0.639491 0.588664 -0.317488 -0.379115 3.09058e-05 -1.00365e-05 -4.89469e-05 0.0117065 -0.106575 0.0334797 0.000946723 3.44055e-12 9.59669e-06
0.0360687 0.431057 0.12762 -0.000242239 -0.000133003 6.33335e-05 0.00216574 0.000963156 0.000529211 0.821949 -0.419803 0.0902264 -0.374198 0.000128152 -9.22397e-06 2.69831e-05 -0.0249364 -0.0560481 0.0611325 0.000978104 4.04984e-12 1.0583e-05
0.311114 0.351193 0.0848404 -0.000239313 -0.000128759 6.80993e-05 0.00991208 -0.00185955 -0.0183399 0.665619 -0.571956 -0.435603 0.200169 4.28239e-05 5.2053e-05 -9.70403e-05 0.00879122 -0.203404 -0.0489465 0.000995296 4.41848e-12 1.11509e-05
0.452353 0.283374 0.910255 0.000628805 0.000744693 0.00119573 -0.00215907 -0.00217777 -0.000258361 0.082928 0.649896 0.25404 -0.711493 -0.0411169 -0.0524727 0.0733278 -0.026314 0.0537866 0.0373819 0.000932114 3.18314e-12 9.15923e-06
0.826554 0.367281 0.178684 -0.000244764 -0.000124621 7.16782e-05 0.00291066 0.00031491 0.000321014 0.86724 -0.448099 -0.146512 -0.160114 3.13674e-05 -9.86395e-06 3.22905e-05 -0.00123811 0.0480899 -0.065863 0.00093207 3.18241e-12 9.15795e-06
0.603599 0.163406 0.991878 0.00329156 0.00327988 -0.0111491 0 0 0 -0.35379 0.760647 0.530332 0.122459 -6.14137 -3.53717 -1.33703 0 0 0 0.000906531 2.76965e-12 8.42558e-06
0.0376565 0.632315 0.11984 -0.000242644 -0.000131372 7.25455e-05 0.000255648 -0.0016521 0.000817587 0.532734 0.0357322 -0.777663 0.331902 9.98108e-05 -9.53609e-06 4.38582e-05 0.00675021 0.0163023 0.0277444 0.00096165 3.72046e-12 1.00578e-05
0.233553 0.532015 0.118915 -0.000241906 -0.000131544 6.27889e-05 0.00215528 0.000687613 -0.0014636 0.944018 0.128777 -0.173733 0.249126 -0.000208622 -3.82589e-05 -4.01282e-05 -0.0583549 -0.0121878 -0.0564892 0.000948058 3.46488e-12 9.63735e-06
0.503481 0.452529 0.0031612 0.0219219 0.00548044 0.00277507 0 0 0 0.33472 0.534912 -0.497127 0.595564 -14.1816 10.3379 -8.25816 0 0 0 0.000916903 2.93177e-12 8.71813e-06
0.678747 0.518508 0.175225 0.000131832 0.00236583 0.00481749 0 0 0 0.591056 0.632342 0.0536952 -0.497908 -9.41157 -5.05065 1.17485 0 0 0 0.000996543 4.44623e-12 1.11928e-05
0.812018 0.68821 0.104913 -0.000242875 -0.000136442 7.4987e-05 0.00257569 0.00199173 0.00100043 0.907693 0.37141 0.194121 0.0215659 2.48387e-05 -4.27555e-05 -2.77065e-06 -0.0285734 0.0120665 0.00499543 0.000994654 4.40425e-12 1.11293e-05
0.10191 0.906937 0.989634 -0.00024236 -0.000133347 7.38456e-05 0.000244405 0.00174877 0.00114877 0.367456 0.526481 -0.759218 0.106686 5.18728e-05 -4.98943e-05 -4.04471e-05 -0.0691517 0.0132014 0.0316774 0.00094703 3.44612e-12 9.60602e-06
0.201923 0.732985 0.0113808 0.00313223 -0.00692365 -0.00317139 0 0 0 0.541708 -0.43242 0.680598 -0.237384 -0.239595 0.421067 0.399213 0 0 0 0.000932885 3.19634e-12 9.18199e-06
0.423825 0.63318 0.176108 -0.000246691 -0.000129168 7.23805e-05 0.000966503 0.00017585 0.000934914 0.640443 -0.441386 0.0642883 -0.625202 0.00013286 0.000103304 -2.04872e-05 0.00797334 0.00810363 0.0388449 0.00099923 4.50651e-12 1.12836e-05
0.598861 0.76226 0.147286 -0.000242596 -0.00013301 7.52831e-05 0.00139564 -0.000871205 0.000160264 0.995623 -0.000151219 0.0852687 0.0382718 -1.23042e-05 3.93167e-05 4.00792e-05 0.0149487 0.000906898 -0.0324848 0.000961658 3.72063e-12 1.00581e-05
0.788565 0.858191 0.218167 -0.000245671 -0.000132727 7.53977e-05 0.000407265 0.000568049 -0.000322163 0.869507 -0.402731 -0.260455 -0.118016 1.38191e-05 -3.9096e-05 -5.69443e-05 -0.0131061 -0.00185374 0.0116073 0.000993316 4.37471e-12 1.10845e-05
0.961116 0.0762171 0.0557286 -0.000240857 -0.000124555 7.93167e-05 -0.00196338 -0.00316862 -0.00386086 0.480401 0.574635 -0.64265 0.161279 -3.7604e-05 6.06461e-05 7.22177e-06 0.0448963 -0.0391142 0.0120317 0.000958251 3.65519e-12 9.95155e-06
0.264467 0.972121 0.112877 -0.000245724 -0.000131586 7.77047e-05 0.000339979 -0.0018684 0.00306967 0.749987 -0.515245 0.328278 0.253526 -2.53222e-05 0.00010958 3.39997e-05 0.00342576 -0.0201508 -0.0357377 0.000931323 3.16967e-12 9.13593e-06
0.381863 0.812369 0.104502 -0.000245126 -0.000130608 7.12699e-05 0.00361327 0.000467372 0.000616246 0.718375 0.686041 -0.0405548 0.107897 -0.000157128 6.01644e-05 -2.48923e-05 0.000624276 -0.0359178 -0.00381634 0.000941102 3.33962e-12 9.42677e-06
0.61384 0.95987 0.293186 -0.00030778 -0.000213198 9.32255e-05 -0.000761855 -0.00145888 0.00121115 0.864573 -0.28629 0.330097 -0.248167 -0.00162342 0.000961036 -0.000341922 -0.0318638 0.01732 -0.0203148 0.000906956 2.77616e-12 8.43746e-06
0.818381 0.0122401 0.337757 -0.000247475 -0.000130787 7.41495e-05 0.00125487 -0.000546104 0.000424168 0.582957 0.343522 -0.696541 -0.238715 4.16933e-06 3.54472e-05 2.78384e-05 -8.87845e-05 -0.0051888 -0.00812964 0.000915383 2.90755e-12 8.67484e-06
0.207778 0.155044 0.417483 -0.000246078 -0.000131138 7.806e-05 -8.42109e-05 0.00218856 -0.000975263 0.802616 -0.372696 0.170439 0.433424 2.76266e-05 -1.45217e-06 -6.91258e-05 -0.0320962 0.0293546 0.0313044 0.000947307 3.45117e-12 9.61446e-06
0.389056 0.0808075 0.311858 -0.000239935 -0.000123451 7.8429e-05 0.000763452 0.000899463 2.90026e-05 0.984842 0.132444 -0.104301 0.0408249 0.000116584 -6.31405e-05 -0.000116786 0.00681226 0.00210859 0.00304884 0.000990804 4.31966e-12 1.10006e-05
0.593417 0.139877 0.236232 -0.000245015 -0.000123529 7.1441e-05 0.000908043 0.000220151 0.000123938 0.90945 0.0716965 -0.372291 -0.170762 1.20012e-05 3.43634e-05 4.48476e-05 0.00983242 0.00545792 -0.00369673 0.000934608 3.22597e-12 9.23296e-06
0.811647 0.187668 0.266356 -0.00024216 -0.000130521 6.79081e-05 0.00155309 -0.000716568 0.000120713 0.804143 -0.123675 0.546898 -0.197385 5.45394e-05 -5.75593e-05 3.6631e-05 0.00155771 -0.00699257 0.0165974 0.0009584 3.65802e-12 9.95618e-06
0.00503481 0.113553 0.338841 -0.000130462 -4.0642e-05 -0.000458009 0 0 0 0.929127 -0.167425 -0.213424 0.251283 -0.000985171 -0.00194792 -0.00348239 0 0 0 0.000929881 3.14521e-12 9.09357e-06
0.211857 0.308592 0.279538 -0.00024599 -0.000126315 7.36895e-05 0.0019349 0.00146024 -0.000214794 0.84656 -0.488312 -0.206453 0.0475849 -0.00016975 -0.000155477 -1.52634e-05 -0.0421678 -0.0488392 0.0404675 0.000908968 2.80708e-12 8.49372e-06
0.419781 0.258635 0.239781 -0.000248596 -0.000125938 6.18158e-05 0.00183874 0.0013882 0.00107092 0.61949 0.11276 0.686343 -0.363939 3.08921e-05 7.63229e-05 3.40076e-05 -0.0142123 0.0770369 -0.024935 0.00092378 3.04338e-12 8.91576e-06
0.611634 0.309155 0.1418 -0.000244064 -0.000125248 7.11049e-05 0.00285404 0.00103785 0.00234468 0.971269 0.0304347 -0.148471 0.183487 -2.23937e-06 2.43327e-05 -5.04438e-05 -0.040746 -0.0760924 0.0605106 0.000973755 3.96059e-12 1.04424e-05
0.794815 0.348922 0.385349 -0.000244379 -0.000132439 7.13842e-05 0.0032557 0.0003113 -0.000137002 0.925118 -0.149303 0.0939147 0.336222 -9.16389e-05 4.53672e-06 -9.44725e-05 0.0135792 -0.039641 -0.0300607 0.000995254 4.41755e-12 1.11495e-05
0.0134096 0.257669 0.210883 -0.000243153 -0.000128306 7.16496e-05 0.00158996 0.00118502 0.000996763 0.724127 0.560707 0.0833626 0.392808 -2.67011e-05 0.000113366 -7.97585e-05 0.0289504 0.0328912 -0.0480157 0.000926392 3.08664e-12 8.99159e-06
0.173916 0.666467 0.285692 -0.000250368 -0.000120272 7.54954e-05 -0.000185998 0.000188016 0.000833223 0.669727 -0.422893 0.163252 0.588197 -1.64727e-05 7.9539e-05 -0.000120196 0.0320249 -0.00611655 -0.00855164 0.000967177 3.82861e-12 1.02322e-05
0.276866 0.481351 0.319028 -0.000250503 -0.000124215 7.17597e-05 0.00348993 0.000639532 0.000597309 0.130098 -0.817933 0.155934 0.53828 0.000246667 0.000339544 4.2979e-06 0.0296651 0.035617 -0.0269743 0.000936736 3.26286e-12 9.29617e-06
0.466413 0.445444 0.200802 -0.000248495 -0.00012875 7.65082e-05 -0.00401654 -0.00170204 -0.00349713 0.91608 -0.312818 0.250292 0.0172325 -0.00012038 2.2756e-05 3.09143e-05 -0.122449 0.358541 -0.039463 0.000924359 3.05292e-12 8.93253e-06
0.739455 0.689339 0.300378 -0.000244159 -0.000134788 7.57153e-05 0.00179337 0.000392192 0.000551677 0.559578 -0.00241435 0.148402 -0.81538 -2.08517e-05 5.26836e-05 3.51969e-05 0.0194741 -0.00486944 -0.0243375 0.000900896 2.68464e-12 8.26945e-06
0.902864 0.538482 0.256388 0.00307142 0.000963791 0.00388695 0 0 0 -0.644228 -0.150803 -0.615652 0.428021 4.30908 4.72493 -5.48913 0 0 0 0.000963466 3.75573e-12 1.01149e-05
0.993086 0.958013 0.219618 -0.000247352 -0.000131556 7.25611e-05 0.00123175 8.93068e-06 -0.000569774 0.827656 -0.390588 -0.400707 -0.0431381 -6.68337e-05 -2.17933e-05 3.20008e-05 0.0035091 -0.00500022 -0.00324489 0.000975296 3.99204e-12 1.04921e-05
0.142211 0.822303 0.177135 -0.00950561 -0.00568364 -0.00760212 0 0 0 -0.131317 0.0622994 -0.989149 -0.0214022 0.158682 -0.290704 0.0445339 0 0 0 0.000901745 2.69731e-12 8.29285e-06
0.374022 0.639649 0.380672 -0.000248916 -0.000124265 7.18029e-05 0.000217207 0.0012458 0.000743883 0.819527 0.500276 0.248423 -0.128005 -0.000115981 -9.2275e-05 9.28728e-05 -0.0117445 0.000465061 0.00783879 0.000927734 3.10906e-12 9.03073e-06
0.541711 0.757695 0.345774 -0.000244373 -0.000131963 7.35719e-05 0.00172061 0.000151031 0.000650451 0.92639 0.200218 0.0293248 -0.317576 -3.18653e-06 -1.19318e-05 1.32951e-05 0.00148731 -0.00600043 0.0147558 0.000924664 3.05797e-12 8.94139e-06
0.961442 0.740302 0.274826 -0.000240554 -0.000128643 7.05855e-05 -0.000469394 -4.37341e-05 -0.00026292 0.982315 -0.184279 -0.0160317 -0.0289982 -7.00188e-05 1.91062e-05 -3.06999e-06 0.00418675 0.00982304 -0.00491561 0.000934848 3.23011e-12 9.24008e-06
0.187737 0.130761 0.20896 -0.000243269 -0.000130895 7.81002e-05 0.000603229 0.000177639 -0.000654522 0.968531 -0.166086 0.117687 -0.14322 -2.86865e-05 3.15241e-05 7.56285e-05 0.0539907 -0.0151121 0.0204195 0.000992731 4.36185e-12 1.10649e-05
0.201487 0.961191 0.308356 -0.00024809 -0.000131139 7.43797e-05 0.00075897 0.00131791 0.000827503 0.55736 -0.357197 0.291057 0.690685 -1.06995e-05 4.39866e-05 -7.41552e-05 -0.0392079 0.0191056 -0.0272907 0.000936837 3.26461e-12 9.29916e-06
0.408336 0.892919 0.28437 -0.00023776 -0.000125325 8.23072e-05 0.00144614 0.00070658 0.00114055 0.683192 -0.298125 0.664886 0.0479159 -7.21451e-05 -3.15613e-05 9.26909e-05 0.0044876 -0.0115028 -0.00861231 0.000911529 2.84686e-12 8.56573e-06
0.53072 0.0224937 0.470718 -0.00025642 -0.000144975 8.77539e-05 -0.00010623 0.00125716 0.0011636 0.626139 0.0167353 0.131716 0.768323 0.00142678 -0.000620037 0.00240867 0.0461297 -0.0116668 0.0520177 0.000972729 3.93978e-12 1.04095e-05
0.741188 0.85409 0.425791 -0.000238843 -0.000133524 7.50307e-05 0.00198154 -0.00146543 -0.000376738 0.935718 -0.306903 -0.0138631 -0.173351 -2.29269e-05 -2.32277e-05 7.11309e-05 -0.0063182 -0.0131214 -0.0100619 0.000956359 3.61924e-12 9.8927e-06
0.0605019 0.0790542 0.547482 -0.000251102 -0.000125055 7.98753e-05 -0.000915762 0.00124629 -0.00148849 0.704847 0.309806 -0.630095 0.100946 -1.56748e-05 -1.93236e-05 0.000169727 0.0118032 -0.0335597 -0.0232441 0.000923351 3.0363e-12 8.90332e-06
0.251917 0.985811 0.506932 0.00130393 0.0010689 -0.000336893 0 0 0 0.233473 0.854956 -0.422352 -0.190155 -1.59983 2.55088 -1.95822 0 0 0 0.000952227 3.54172e-12 9.76503e-06
0.397619 0.986784 0.672365 0.0165743 -0.00909003 -0.00348012 0 0 0 -0.522103 -0.557375 -0.626739 -0.154724 -0.436905 -3.17479 -1.9324 0 0 0 0.000976223 4.01104e-12 1.0522e-05
0.648429 0.193785 0.42888 -0.000243057 -0.000128239 7.2384e-05 -0.00156561 0.000666743 0.00011248 0.786048 0.604209 0.0813191 0.102217 -8.80514e-05 -8.68482e-05 -0.000168275 -0.0198596 -0.00370967 -0.0666964 0.000972509 3.93533e-12 1.04024e-05
0.868255 0.166898 0.493416 -0.000178163 -0.000108174 -9.75664e-05 -0.00101919 0.00246719 0.000296115 0.762951 0.273678 0.534746 0.238856 0.0090507 -0.00295246 0.00286864 -0.00710616 0.00865711 0.0382934 0.000964074 3.76759e-12 1.0134e-05
0.171407 0.281979 0.572239 -0.000247307 -0.000134134 8.05607e-05 0.000518443 0.000847264 0.00111532 0.974223 -0.168297 -0.0102906 0.149867 -4.65428e-05 -7.57293e-05 -4.73295e-05 0.00358225 -0.0178588 -0.0122841 0.000983349 4.1596e-12 1.07541e-05
0.415022 0.232541 0.441666 -0.000169718 -8.42259e-05 6.41234e-05 -7.80613e-05 0.00265868 0.00089621 0.481147 0.0547778 -0.789542 -0.376989 0.000432849 -0.000606244 -0.00120425 0.0291103 -0.050853 -0.0221752 0.000951348 3.52541e-12 9.73803e-06
0.568977 0.35289 0.346101 -0.000254459 -0.000133141 7.40394e-05 -0.0178928 -0.0037308 0.00265793 0.592599 -0.0402154 -0.658183 -0.462607 0.000140333 -6.30095e-05 0.000129163 0.045962 -0.139331 -0.0351935 0.000910234 2.82669e-12 8.52927e-06
0.790424 0.366507 0.591511 -0.000242935 -0.000137388 7.27614e-05 -0.00226276 0.00445543 -0.000240842 0.890503 -0.179498 -0.0827356 -0.409805 5.33834e-05 -4.40096e-05 -0.000125084 0.0286511 0.103567 0.118192 0.000909079 2.8088e-12 8.49684e-06
0.0326147 0.332057 0.406123 -0.000244015 -0.000130625 8.03708e-05 0.00304401 0.00195103 0.000243675 0.741669 0.515471 -0.416036 0.105504 1.25437e-05 9.52847e-05 7.00032e-05 -0.0180268 0.0436988 0.0136317 0.000993944 4.38855e-12 1.11055e-05
0.0349155 0.521939 0.465794 -0.0021074 0.00928083 -0.00435756 0 0 0 -0.300258 -0.202307 0.0514287 0.930737 -0.0960593 1.83884 1.47517 0 0 0 0.000909535 2.81584e-12 8.50962e-06
0.333928 0.402586 0.49818 -0.000261528 -0.000122398 7.50298e-05 0.000371461 0.00189809 0.00192015 0.875315 0.0498406 -0.306605 -0.370584 -0.000218637 -0.000239905 3.3072e-05 -0.0241013 0.00532092 0.0105199 0.000949548 3.49218e-12 9.68284e-06
0.516153 0.508794 0.450922 -0.000258501 -0.000128108 7.10428e-05 0.000535534 0.0010245 -0.000302772 0.88251 -0.377564 -0.280321 -0.00651151 0.000112666 0.000103242 3.50347e-05 0.0238309 -0.0315234 0.00235364 0.000948371 3.47059e-12 9.64688e-06
0.741784 0.537727 0.419228 -0.000252964 -0.000135184 7.79783e-05 0.000825962 -0.000129726 0.000439133 0.703433 -0.599217 0.246137 0.292468 2.94043e-05 -8.22272e-06 2.47512e-05 -0.0217774 0.0384319 0.00955035 0.000968097 3.84686e-12 1.02614e-05
0.865897 0.540701 0.588871 -0.000239651 -0.000130074 7.17865e-05 -0.000952911 -0.00196387 0.00146741 0.4675 0.440329 -0.762539 -0.0780289 6.09819e-05 -0.000120452 6.14964e-06 0.0409876 -0.0209459 0.0503217 0.000901336 2.6912e-12 8.28156e-06
0.100315 0.731875 0.530989 -0.000245053 -0.000128264 7.401e-05 0.000336768 -0.001199 -0.00269986 0.848305 -0.227839 0.242009 0.412189 9.03481e-05 9.0873e-05 -0.000131601 -0.0153541 -0.0191732 -0.0224001 0.000950602 3.51161e-12 9.71514e-06
0.239524 0.575333 0.532759 -0.000269961 -9.39598e-05 -5.11535e-05 0 0 0 0.428168 -0.275656 -0.730698 -0.454716 0.766503 -1.35486 -0.675889 0 0 0 0.000973386 3.95309e-12 1.04305e-05
0.450981 0.655913 0.576639 -0.000242465 -0.000136827 7.03435e-05 -0.000363656 0.000930338 0.00125395 0.877648 0.416687 0.166542 0.168435 -9.02233e-06 3.19718e-05 -3.10013e-05 0.00660237 0.00357623 -0.0149184 0.000990927 4.32235e-12 1.10047e-05
0.658056 0.695471 0.500697 -0.000242029 -0.000131843 7.32169e-05 0.000418432 -0.00072267 0.00102095 0.783483 -0.554144 -0.272552 -0.0692385 -6.43587e-06 -8.12885e-06 -2.72776e-05 0.0165927 0.00188443 0.0298186 0.000905224 2.74974e-12 8.38919e-06
0.883289 0.691269 0.464887 -0.000242113 -0.000134616 6.88391e-05 0.000164117 -0.00262606 -0.000323123 0.984465 -0.0669619 0.161525 0.0159188 -2.60099e-05 -2.67538e-05 6.82803e-05 -0.0256603 -0.013876 -0.00787662 0.000992625 4.35952e-12 1.10613e-05
0.0137464 0.876538 0.408403 -0.000248886 -0.000128685 7.2974e-05 0.000499813 -3.1106e-05 0.000101028 0.736028 0.175176 0.267771 -0.596553 9.6999e-05 4.21852e-05 -4.59745e-05 0.00245935 0.00181763 0.0255123 0.000949929 3.4992e-12 9.69452e-06
0.265013 0.803599 0.408204 -0.000242534 -0.000124711 7.935e-05 0.000238752 0.000924622 -0.000559933 0.96183 0.175527 -0.180273 -0.107588 4.46422e-05 5.19483e-05 -4.40823e-05 0.00431082 0.0397228 -0.00269957 0.000961586 3.71923e-12 1.00558e-05
0.503514 0.846534 0.557463 -0.02148 0.00435079 0.00545317 -0.00724158 2.83335e-05 -0.00737408 0.797828 -0.409785 0.372539 -0.238247 0.191307 1.06584 -0.2852 -0.029535 -0.0154433 -0.0106125 0.000972292 3.93093e-12 1.03954e-05
0.673566 0.97933 0.62251 -0.000251457 -0.000156524 8.20252e-05 0.000543888 0.00108395 0.00119868 0.325171 0.344862 -0.879879 -0.0338652 0.000270718 -9.51666e-05 -0.000233706 0.0204617 -0.0213233 0.0344194 0.000908618 2.80169e-12 8.48392e-06
0.872606 0.976879 0.530489 -0.000249941 -0.000129047 7.74051e-05 0.000584892 -0.00136909 0.000468751 -0.0626192 -0.00310386 -0.994716 -0.0813013 -2.52495e-05 3.10414e-05 -0.000217981 -0.0119388 0.0132615 -0.00872647 0.000947025 3.44604e-12 9.60588e-06
0.177213 0.136244 0.710896 -0.000235594 -0.000138623 7.51443e-05 0.00157516 -0.000986141 -0.00236441 0.817531 0.236283 -0.498127 -0.166384 -2.21707e-05 -7.21171e-05 4.52914e-05 -0.0436373 0.000930842 0.0142829 0.000953555 3.5665e-12 9.80596e-06
0.484618 0.152151 0.61257 -0.000147731 -7.93562e-05 5.11692e-05 0.00260785 0.00307424 -9.78444e-05 0.528386 -0.26945 0.759027 0.268483 -0.0010999 0.00128584 -0.000514123 -0.0362981 0.0337178 0.0018106 0.000905902 2.76006e-12 8.40806e-06
0.632629 0.897022 0.806811 -0.000238044 -0.000136317 7.63851e-05 -0.000366968 0.00288522 -0.000424298 0.793252 0.264621 -0.466762 0.287855 8.65695e-06 0.00011735 -0.000108962 -0.0207159 0.0101509 0.0386895 0.000994992 4.41174e-12 1.11407e-05
0.701908 0.202157 0.629175 -0.000233679 -0.000141439 7.11802e-05 -0.00593237 0.00611569 0.000666518 0.57007 -0.444705 -0.66077 -0.201595 -9.12119e-05 1.46312e-06 3.02883e-05 0.0403843 0.0351322 -0.108412 0.000923849 3.0445e-12 8.91774e-06
0.877189 0.0780623 0.706585 -0.000214707 -0.000137173 7.4494e-05 -0.0148589 -0.00146252 0.000234345 0.708103 0.0629904 0.677188 0.189839 3.99128e-05 0.000125493 0.000123313 -0.0762896 -0.418932 -0.132153 0.00092298 3.03021e-12 8.8926e-06
0.226701 0.269434 0.846625 -0.000239567 -0.000138773 7.35747e-05 -0.00249688 -0.00104741 -0.00134718 0.418029 -0.477659 -0.761119 0.133385 1.03654e-05 1.96606e-05 -0.000144295 0.0399295 0.0160366 -0.0502308 0.000917218 2.93681e-12 8.72711e-06
0.369919 0.300282 0.688266 -0.000241279 -0.000134966 7.25701e-05 -0.000350178 0.000936235 0.00183582 0.773467 -0.53444 -0.33948 -0.0296079 1.64551e-05 -1.7686e-05 3.02835e-05 -0.0242223 0.0253739 -0.00514283 0.000987463 4.24735e-12 1.08897e-05
0.566329 0.34221 0.553325 -0.000245219 -0.000126882 7.31056e-05 -0.00209119 0.000532656 0.00249217 0.91486 -0.390271 0.00192715 -0.103513 -6.91794e-05 -4.01201e-05 0.000231711 0.00345801 0.00634492 -0.169014 0.000998413 4.48812e-12 1.1256e-05
0.57339 0.361239 0.762043 -0.000239853 -0.000134926 7.23419e-05 0.000718792 -0.000954309 0.0019228 -0.367279 0.20808 0.276691 0.863279 -4.74553e-06 1.99602e-05 -1.74969e-05 -0.0250331 -0.0478214 0.0113862 0.000931154 3.1668e-12 9.13098e-06
0.979955 0.240692 0.70839 -0.000232921 -0.00013123 7.96831e-05 -0.00851041 -0.0048286 -0.00404627 0.628767 0.12316 -0.610247 0.465922 8.90146e-06 7.56891e-05 -0.000307775 -0.152225 -0.111087 0.195372 0.000913175 2.87265e-12 8.61221e-06
0.207364 0.437568 0.690311 -0.00024337 -0.000135735 7.96046e-05 -0.000383767 0.00121024 0.000516209 0.567682 -0.332899 0.645215 -0.38809 1.32146e-05 -0.000106813 -3.75358e-05 -0.00057072 0.0232866 0.00849346 0.000937046 3.26826e-12 9.30539e-06
0.446303 0.478246 0.654934 -0.000240406 -0.00013704 7.02994e-05 -6.25985e-05 0.000753443 0.00387069 0.950692 0.173704 -0.15496 0.204935 1.29221e-05 9.20368e-06 -1.9607e-05 0.0158767 0.0164635 0.00359173 0.000926378 3.0864e-12 8.99117e-06
0.648911 0.550412 0.62224 -0.00024061 -0.000132093 7.52966e-05 -0.00022695 0.00154862 0.00372391 0.73149 0.167797 0.30801 -0.584719 2.69783e-05 7.43626e-05 -4.73688e-05 0.0169561 -0.00552663 -0.0178355 0.000927459 3.10446e-12 9.02269e-06
0.793005 0.392843 0.786134 -0.000240006 -0.000137208 7.33264e-05 -0.00205281 0.000394726 0.000465417 0.878326 -0.11667 -0.407208 -0.221614 -5.63557e-05 4.84587e-06 -1.98928e-05 -0.0701505 -0.0889925 0.00821013 0.000900054 2.67212e-12 8.24629e-06
0.00324517 0.402592 0.619374 -0.000245464 -0.000132743 7.87886e-05 -0.000970671 -0.00187116 0.00353621 0.947421 0.172388 -0.227122 0.145231 3.0698e-05 0.000122111 8.29946e-05 0.0424142 -0.0506292 -0.0344879 0.000911143 2.84083e-12 8.55484e-06
0.0747303 0.600642 0.682739 -0.000244293 -0.000129821 7.25321e-05 -0.000145986 0.000951019 -0.00117075 0.858919 0.0276344 0.227355 -0.458044 -9.81356e-05 1.16569e-05 1.99329e-05 0.0414876 0.0283842 0.016376 0.000976681 4.02045e-12 1.05368e-05
0.302363 0.606575 0.733443 -0.00024147 -0.00013594 7.067e-05 -0.000449617 0.00076114 0.00147037 0.877706 0.253851 -0.263376 -0.309556 1.62885e-05 -3.7524e-05 2.20274e-05 0.00209734 0.000723585 -0.000502386 0.000969368 3.87218e-12 1.03019e-05
0.520804 0.592209 0.805293 -0.000238187 -0.000138223 6.37166e-05 0.00103097 -0.000896612 -0.00415053 0.742296 -0.534474 -0.155534 -0.373019 -0.000164566 -2.03504e-05 -4.91025e-05 -0.0996278 -0.0509878 -0.0195561 0.000964898 3.78373e-12 1.01601e-05
0.750356 0.573663 0.802889 -0.000237814 -0.000136718 6.66334e-05 0.000942785 5.58249e-05 -0.00231365 0.978799 0.109411 0.173154 0.000218458 0.000113384 5.7195e-05 4.01922e-05 0.0968706 0.0703893 0.0122454 0.000948673 3.47612e-12 9.65609e-06
0.873301 0.707153 0.674472 -0.000237865 -0.000130777 7.28855e-05 0.00103111 -0.00120999 -0.000572311 0.333585 -0.216182 -0.0434669 -0.916568 -6.89738e-05 -2.51931e-05 -5.80829e-05 -0.0166494 -0.000355472 -0.0392126 0.000940889 3.33583e-12 9.42035e-06
0.0615073 0.902793 0.604563 -0.000244056 -0.000127522 7.0948e-05 -0.000501303 -0.0029448 0.0014338 0.314476 0.477634 0.257125 0.77901 -6.34512e-05 -7.18605e-05 0.0001624 -0.0280551 0.0144629 0.0125869 0.000915402 2.90785e-12 8.67536e-06
0.280272 0.823635 0.615446 -0.000241259 -0.000129754 7.95614e-05 0.00610822 -0.00534203 -0.000267343 0.927708 0.0851027 0.0427389 0.360956 -9.38253e-05 -4.98422e-05 0.000111265 -0.0533775 -0.0660607 0.249989 0.000958792 3.66551e-12 9.9684e-06
0.436972 0.805415 0.760985 -0.000232605 -0.000144038 7.18465e-05 0.00815949 -0.00951596 -0.00268061 0.894744 0.0685488 0.292775 0.330179 1.50017e-05 -5.93319e-05 2.35587e-05 0.0593918 0.0356673 -0.190193 0.000915849 2.91495e-12 8.68808e-06
0.645494 0.725756 0.701971 -0.000234549 -0.000133956 7.47456e-05 -0.0023293 0.00303993 2.12824e-05 0.902621 0.28528 -0.171137 0.273137 -2.74946e-05 -3.66419e-05 0.000122964 0.0230519 0.0253516 0.00241656 0.000973068 3.94665e-12 1.04204e-05
0.844496 0.892001 0.714275 -0.000235206 -0.000132564 7.93519e-05 -0.000859361 -0.00169116 0.000115335 0.70605 -0.5011 0.409577 0.28747 1.29301e-05 -9.10205e-05 6.21016e-05 0.00964438 -0.0068245 0.0206871 0.000958461 3.65918e-12 9.95807e-06
0.0271379 0.132039 0.866883 -0.000229496 -0.000126813 8.14757e-05 -0.00464526 -0.00930648 -0.00751252 0.746007 -0.277641 0.586501 -0.149683 6.04314e-06 -1.34564e-05 0.000165926 0.0886619 0.0757577 -0.202673 0.00094627 3.43231e-12 9.5829e-06
0.232221 0.0711107 0.940687 -0.000255706 4.5678e-05 -8.35866e-05 -0.00456713 0.001967 0.00281102 0.604226 0.237709 -0.754323 0.0969673 0.00800121 0.00800082 0.00974092 -0.0642402 0.0774318 -0.0105487 0.000953208 3.56001e-12 9.79526e-06
0.47195 0.0195824 0.935312 -0.000240715 -0.000129763 7.70207e-05 0.000639092 0.000210722 0.000593192 0.622536 -0.350048 0.526053 0.461718 -4.99235e-05 0.000118783 6.03774e-05 0.00152704 0.00337037 -0.00556166 0.000971279 3.9105e-12 1.0363e-05
0.645216 0.913196 0.0208019 -0.000243984 -0.000133774 7.63895e-05 -0.000207874 -0.000806411 -8.39827e-05 0.911385 0.208082 -0.314802 0.164254 1.83891e-06 -8.02133e-05 -2.55119e-05 -0.0127325 -0.0051583 0.0176664 0.000982167 4.13466e-12 1.07154e-05
0.816636 0.0201594 0.896748 -0.00511519 -0.00170566 -0.00140079 0 0 0 -0.79498 -0.584986 -0.160614 0.000939006 4.48775 3.3828 3.60828 0 0 0 0.000984628 4.18671e-12 1.07962e-05
0.153104 0.418447 0.947891 -0.00023803 -0.000133526 6.50408e-05 -0.00537507 -0.0020054 -0.00231765 0.883197 0.293774 0.360682 0.0597333 -0.000123968 3.90357e-05 -3.31506e-05 -0.00714698 -0.00646379 0.0564704 0.000942835 3.37046e-12 9.47892e-06
0.380739 0.139285 0.799044 -0.000233457 -0.000131418 7.35941e-05 0.000163487 -0.000959559 -0.000264111 0.503939 -0.0715373 0.345755 0.788277 5.52327e-06 5.40606e-05 -0.000143554 -0.00620428 0.0250118 -0.0350523 0.000919759 2.97772e-12 8.79985e-06
0.604487 0.0929016 0.776761 -0.000233348 -0.000138682 7.45051e-05 -7.28642e-05 0.00275151 0.00111508 0.655917 0.156775 -0.149055 -0.723172 1.77918e-05 -0.000157916 0.000150785 0.00134234 0.0127995 -0.0428033 0.000996695 4.44962e-12 1.1198e-05
0.783517 0.211229 0.821593 -0.000228819 -0.000138932 6.67344e-05 0.000480829 0.00129029 0.00458541 0.216357 -0.646711 -0.114548 -0.722381 -3.54072e-05 4.89916e-05 -0.00015507 0.156467 0.154082 0.111704 0.000946555 3.43749e-12 9.59158e-06
0.952644 0.306364 0.91409 -0.00023698 -0.000132151 7.39248e-05 -0.000201213 0.00309843 0.00294527 0.874225 0.157763 0.360269 0.284688 -1.63559e-05 1.09647e-06 1.89339e-05 0.0750198 -0.0155964 -0.00276344 0.000950152 3.5033e-12 9.70134e-06
0.143965 0.591422 0.877776 -0.000240288 -0.000131713 7.38922e-05 -0.00155226 -0.00156188 2.14288e-05 0.93221 -0.190994 0.224577 -0.209931 3.15466e-05 4.86201e-06 -7.85686e-06 -0.0162556 0.0170672 -0.0247504 0.000904464 2.73822e-12 8.36809e-06
0.365976 0.44156 0.838548 -0.000896707 -0.000287792 -0.000174917 0 0 0 0.649778 0.295714 -0.492994 0.497291 0.041423 -0.142054 -0.110783 0 0 0 0.000925171 3.06635e-12 8.95608e-06
0.673334 0.333903 0.942573 -0.000242529 -0.000132145 7.26296e-05 0.000688936 -0.000526336 0.00185286 0.649728 -0.502416 0.56061 0.105585 6.6959e-05 -5.21653e-06 8.18628e-05 0.0401217 0.0461389 0.01028 0.000944542 3.40109e-12 9.5305e-06
0.839408 0.447098 0.998396 -0.000240677 -0.000133046 6.87142e-05 -0.00130402 0.00234417 0.00112208 0.672239 -0.44243 -0.589778 -0.0671797 5.43504e-05 5.32637e-05 -3.44088e-05 -0.0179024 -0.0390258 -0.041643 0.000910926 2.83745e-12 8.54874e-06
0.993753 0.466692 0.812266 -0.000241037 -0.000133084 6.97069e-05 -0.0029159 0.00149759 -0.00173826 0.927269 0.106768 -0.0588943 -0.353984 4.15582e-05 -5.67193e-05 -3.0979e-05 -0.025678 0.0216073 -0.0322832 0.000937515 3.27645e-12 9.31938e-06
0.95768 0.781316 0.843204 -0.00023815 -0.000135172 7.6831e-05 0.000691669 0.000122906 -0.000790756 0.984859 0.0437003 0.0287104 0.165282 3.66555e-06 2.8963e-05 3.72781e-05 0.00640455 -0.0240555 -0.0207456 0.000915796 2.91411e-12 8.68658e-06
0.179091 0.763296 0.794335 -0.000238233 -0.000136594 7.70956e-05 0.000285708 0.00104364 -0.000249694 0.97954 0.152108 -0.0688858 -0.112336 -4.63457e-05 -2.24585e-05 -8.68775e-06 -0.00118281 0.0268161 0.0110978 0.000984023 4.17387e-12 1.07763e-05
0.357682 0.597776 0.956892 -0.000242501 -0.000134765 6.004e-05 0.00169662 -0.00119077 -0.0034641 0.642322 -0.122707 -0.06997 0.753306 0.000311167 6.13394e-05 -5.46868e-05 0.14547 0.0404964 -0.0329505 0.000978725 4.06271e-12 1.06031e-05
0.647681 0.591939 0.983731 0.0157265 0.0104773 0.00635236 0 0 0 -0.903299 -0.237684 0.229014 0.274062 21.2712 -3.86662 20.5444 0 0 0 0.000928529 3.12241e-12 9.05396e-06
0.926303 0.612553 0.934503 -0.000242662 -0.00013439 7.18195e-05 -0.00101632 0.00127942 0.000209051 0.657133 0.0766767 -0.371118 -0.651589 -4.37015e-05 2.18197e-05 -1.25694e-05 0.00362302 -0.0155529 0.056929 0.000986957 4.23647e-12 1.0873e-05
0.141027 0.958221 0.789487 -0.000240215 -0.000137895 7.28299e-05 0.000768791 0.000752368 0.000690992 0.483406 -0.526645 0.669798 0.200836 2.142e-06 7.97558e-05 -1.01263e-05 0.0713379 -0.0175322 -4.10627e-06 0.000990901 4.32179e-12 1.10038e-05
0.315704 0.875673 0.917393 -0.00024112 -0.000129585 7.21228e-05 5.86805e-05 0.00019358 0.00118263 0.134345 -0.86466 0.140099 -0.463344 0.000106371 6.62114e-06 -5.78132e-05 0.0062638 -0.00133481 0.0095562 0.000972541 3.93598e-12 1.04034e-05
0.514746 0.746354 0.946319 -0.000238626 -0.000135779 7.81056e-05 0.00309843 -0.0013145 0.00199565 0.714333 -0.331946 0.381899 -0.483418 0.000138816 6.25663e-05 0.000132426 -0.00910401 0.0543074 0.0488118 0.0009997 4.51711e-12 1.12996e-05
0.744022 0.744157 0.895733 -0.000237487 -0.000142037 7.73721e-05 0.00276307 -0.00343964 0.00283662 0.976679 -0.205587 0.0578218 0.0221148 -0.000228307 -7.51207e-05 -4.84723e-05 -0.155026 -0.0460736 0.015714 0.000958571 3.66128e-12 9.9615e-06
0.875762 0.862356 0.0165569 -0.000243518 -0.000133413 7.42457e-05 0.00037462 0.000719908 -0.000693848 0.634904 0.157371 0.422687 -0.627269 -2.16747e-06 5.42659e-05 2.89159e-05 0.023228 -0.00265065 -0.035847 0.000997312 4.46343e-12 1.12188e-05
Interactions 241
0 6 0 0.763088 0.595938 0.25011 0.00018447 0.00018447 0 -1.93292e-05 2.46234e-05 3.29879e-07 -1.93292e-05 2.46234e-05 3.29879e-07 0 0 0 2.27368e-06 2.69301e-07 -7.57383e-06 0 0 0 0 0 0 0 0 0 0.464436 0.464436 1 0
0 34 0 -0.491706 0.131835 0.860723 0.000373587 0.000373587 0 -7.38364e-05 -1.39379e-05 -4.00486e-05 -7.38364e-05 -1.39379e-05 -4.00486e-05 0 0 0 -3.34915e-07 -9.3938e-07 -4.79609e-08 0 0 0 0 0 0 0 0 0 0.43867 0.43867 1 0
0 45 0 0.250463 -0.509392 0.823279 0.00141599 0.00141599 0 0.000163685 -2.68886e-05 -6.20581e-05 0.000163685 -2.68886e-05 -6.20581e-05 0 0 0 3.62317e-06 2.92343e-06 8.04954e-07 0 0 0 0 0 0 0 0 0 0.46353 0.46353 1 0
0 80 0 0.428926 0.193832 -0.882299 0.00087275 0.00087275 0 9.7859e-06 -9.23066e-05 -1.54856e-05 9.7859e-06 -9.23066e-05 -1.54856e-05 0 0 0 1.74085e-05 4.70028e-05 1.84467e-05 0 0 0 0 0 0 0 0 0 0.435013 0.435013 1 0
0 109 0 -0.744278 0.379926 -0.549278 0.00112716 0.00112716 0 7.2543e-05 7.32143e-05 -2.70353e-05 7.2543e-05 7.32143e-05 -2.70353e-05 0 0 0 9.96131e-07 -8.82175e-07 -1.40663e-06 0 0 0 0 0 0 0 0 0 0.447892 0.447892 1 0
1 2 0 0.410443 -0.830235 0.377155 3.65283e-05 3.65283e-05 0 6.88879e-06 3.50957e-06 2.29054e-07 6.88879e-06 3.50957e-06 2.29054e-07 0 0 0 -1.83721e-09 -9.72203e-09 -1.94036e-08 0 0 0 0 0 0 0 0 0 0.434033 0.434033 1 0
1 7 0 0.278052 0.626846 -0.72784 8.53739e-05 8.53739e-05 0 1.21376e-05 -7.63974e-06 -1.94463e-06 1.21376e-05 -7.63974e-06 -1.94463e-06 0 0 0 -1.84358e-06 8.41097e-07 2.00104e-08 0 0 0 0 0 0 0 0 0 0.43698 0.43698 1 0
1 31 0 0.137838 0.50013 0.85491 0.000258967 0.000258967 0 4.53663e-05 -9.87998e-06 -1.53743e-06 4.53663e-05 -9.87998e-06 -1.53743e-06 0 0 0 8.01877e-07 3.99481e-07 -3.63346e-07 0 0 0 0 0 0 0 0 0 0.433778 0.433778 1 0
1 101 0 -0.666307 -0.473928 -0.575697 0.000255947 0.000255947 0 3.17199e-05 -1.73957e-05 -2.2431e-05 3.17199e-05 -1.73957e-05 -2.2431e-05 0 0 0 2.82151e-07 -1.37036e-07 -2.10987e-07 0 0 0 0 0 0 0 0 0 0.444889 0.444889 1 0
2 21 0 -0.975206 -0.173721 -0.137092 0.000765349 0.000765349 0 3.1361e-05 -7.38568e-05 -0.000122835 3.1361e-05 -7.38568e-05 -0.000122835 0 0 0 3.36551e-06 -1.0838e-05 -9.78199e-06 0 0 0 0 0 0 0 0 0 0.41657 0.41657 1 0
2 23 0 0.594563 -0.242921 0.766475 0.00084986 0.00084986 0 -0.000136802 9.05829e-05 0.000135076 -0.000136802 9.05829e-05 0.000135076 0 0 0 6.36477e-07 -4.73335e-07 -6.42008e-07 0 0 0 0 0 0 0 0 0 0.408298 0.408298 1 0
2 26 0 -0.40519 0.399096 0.822522 0.000298105 0.000298105 0 7.9906e-05 1.89705e-05 3.01594e-05 7.9906e-05 1.89705e-05 3.01594e-05 0 0 0 -4.84838e-07 1.77304e-07 -3.24877e-07 0 0 0 0 0 0 0 0 0 0.435206 0.435206 1 0
2 27 0 0.494585 0.728918 0.473355 0.00101827 0.00101827 0 0.000156085 -0.000160536 8.45634e-05 0.000156085 -0.000160536 8.45634e-05 0 0 0 -1.42912e-06 1.18497e-06 -3.41119e-07 0 0 0 0 0 0 0 0 0 0.417656 0.417656 1 0
2 47 0 -0.335585 -0.606954 0.720409 0.000807276 0.000807276 0 0.00017296 -4.62034e-05 4.17485e-05 0.00017296 -4.62034e-05 4.17485e-05 0 0 0 -3.22938e-06 1.76513e-06 5.18772e-08 0 0 0 0 0 0 0 0 0 0.409879 0.409879 1 0
2 102 0 -0.0466048 0.0802952 -0.995681 0.00201808 0.00201808 0 -5.84185e-05 -4.96376e-05 -5.86808e-07 -5.84185e-05 -4.96376e-05 -5.86808e-07 0 0 0 -2.35259e-05 9.20378e-06 6.12607e-07 0 0 0 0 0 0 0 0 0 0.429327 0.429327 1 0
3 20 0 0.884147 0.192011 -0.425928 5.80485e-05 5.80485e-05 0 -3.38541e-06 1.52476e-06 -6.34038e-06 -3.38541e-06 1.52476e-06 -6.34038e-06 0 0 0 1.40903e-07 4.82192e-07 5.09839e-07 0 0 0 0 0 0 0 0 0 0.435792 0.435792 1 0
3 24 0 0.271036 -0.145747 0.951471 0.000110291 0.000110291 0 -1.94003e-07 1.85575e-06 3.39797e-07 -1.94003e-07 1.85575e-06 3.39797e-07 0 0 0 1.39769e-08 3.24579e-08 9.90265e-10 0 0 0 0 0 0 0 0 0 0.420685 0.420685 1 0
3 28 0 0.235733 0.774666 0.58679 0.000256757 0.000256757 0 8.85549e-06 7.66886e-06 -1.36806e-05 8.85549e-06 7.66886e-06 -1.36806e-05 0 0 0 3.55436e-08 -1.87779e-07 2.33651e-07 0 0 0 0 0 0 0 0 0 0.435843 0.435843 1 0
3 103 0 -0.480245 -0.652172 -0.586546 0.000328206 0.000328206 0 1.0601e-05 9.02532e-06 -1.86876e-05 1.0601e-05 9.02532e-06 -1.86876e-05 0 0 0 -2.26936e-05 -1.78149e-05 3.41871e-05 0 0 0 0 0 0 0 0 0 0.44372 0.44372 1 0
4 8 0 0.0594791 0.774407 0.629886 0.00012438 0.00012438 0 1.83809e-05 -2.39445e-05 2.77032e-05 1.83809e-05 -2.39445e-05 2.77032e-05 0 0 0 3.89626e-07 3.81094e-09 -4.16089e-08 0 0 0 0 0 0 0 0 0 0.424289 0.424289 1 0
4 20 0 0.644683 -0.763947 0.0277245 0.000263085 0.000263085 0 -9.42942e-06 -6.7919e-06 2.96591e-05 -9.42942e-06 -6.7919e-06 2.96591e-05 0 0 0 4.11936e-07 3.69358e-07 8.53648e-07 0 0 0 0 0 0 0 0 0 0.43322 0.43322 1 0
4 112 0 -0.613021 0.592847 -0.522243 0.000268941 0.000268941 0 -2.10893e-05 -2.40421e-05 -2.54851e-06 -2.10893e-05 -2.40421e-05 -2.54851e-06 0 0 0 8.01414e-08 6.46252e-08 -2.13177e-08 0 0 0 0 0 0 0 0 0 0.428597 0.428597 1 0
5 8 0 -0.910005 -0.333855 0.245829 0.000785322 0.000785322 0 -1.86691e-05 2.71799e-05 -3.15722e-05 -1.86691e-05 2.71799e-05 -3.15722e-05 0 0 0 -8.19587e-09 6.30871e-08 5.90075e-08 0 0 0 0 0 0 0 0 0 0.434286 0.434286 1 0
5 11 0 0.85064 0.524104 -0.0415623 0.000880737 0.000880737 0 -3.8504e-05 6.27111e-05 3.76912e-05 -3.8504e-05 6.27111e-05 3.76912e-05 0 0 0 2.48534e-06 -3.82135e-06 -1.17218e-07 0 0 0 0 0 0 0 0 0 0.440195 0.440195 1 0
5 34 0 -0.0987052 -0.910297 0.402017 0.000230915 0.000230915 0 -1.16742e-05 -7.13032e-06 -1.90311e-05 -1.16742e-05 -7.13032e-06 -1.90311e-05 0 0 0 3.70842e-07 1.64764e-07 4.65512e-07 0 0 0 0 0 0 0 0 0 0.432148 0.432148 1 0
5 105 0 0.505452 -0.0656364 -0.860355 0.00023695 0.00023695 0 -6.26693e-05 -5.64209e-05 -3.25081e-05 -6.26693e-05 -5.64209e-05 -3.25081e-05 0 0 0 2.85035e-07 -1.16613e-07 1.76221e-07 0 0 0 0 0 0 0 0 0 0.438282 0.438282 1 0
6 37 0 0.671156 0.490915 0.555475 0.000248302 0.000248302 0 2.38635e-05 -2.52296e-05 -6.53382e-06 2.38635e-05 -2.52296e-05 -6.53382e-06 0 0 0 -1.93514e-05 1.87513e-05 6.85618e-06 0 0 0 0 0 0 0 0 0 0.436495 0.436495 1 0
6 105 0 -0.676351 0.346957 -0.649746 0.000115043 0.000115043 0 8.73374e-06 -2.02404e-06 -1.01731e-05 8.73374e-06 -2.02404e-06 -1.01731e-05 0 0 0 2.95312e-07 1.01077e-06 2.32111e-07 0 0 0 0 0 0 0 0 0 0.443652 0.443652 1 0
7 83 0 0.538905 0.417838 -0.731433 8.53746e-05 8.53746e-05 0 -1.01326e-05 1.0204e-05 -1.63737e-06 -1.01326e-05 1.0204e-05 -1.63737e-06 0 0 0 6.32753e-08 -2.17736e-07 -7.9389e-08 0 0 0 0 0 0 0 0 0 0.419117 0.419117 1 0
8 32 0 -0.935588 -0.304963 -0.177966 0.000586943 0.000586943 0 -8.77099e-06 -7.12302e-05 0.000168338 -8.77099e-06 -7.12302e-05 0.000168338 0 0 0 -4.63648e-07 -1.87405e-06 4.67382e-06 0 0 0 0 0 0 0 0 0 0.432936 0.432936 1 0
8 33 0 -0.136623 -0.0952467 0.986034 0.000379804 0.000379804 0 -0.000122191 1.17102e-05 -1.57892e-05 -0.000122191 1.17102e-05 -1.57892e-05 0 0 0 2.8025e-08 -5.86078e-07 -5.19022e-08 0 0 0 0 0 0 0 0 0 0.439496 0.439496 1 0
8 113 0 0.0578612 0.433024 -0.899524 0.000189423 0.000189423 0 1.34907e-05 3.00388e-05 1.53288e-05 1.34907e-05 3.00388e-05 1.53288e-05 0 0 0 -2.99091e-07 -2.02442e-07 -1.1698e-07 0 0 0 0 0 0 0 0 0 0.412133 0.412133 1 0
10 11 0 0.851005 -0.525139 -0.00445417 0.000136986 0.000136986 0 -5.62585e-06 -9.18183e-06 7.49808e-06 -5.62585e-06 -9.18183e-06 7.49808e-06 0 0 0 4.83693e-07 8.04361e-07 1.28033e-07 0 0 0 0 0 0 0 0 0 0.434817 0.434817 1 0
10 35 0 0.586074 0.177041 0.79068 0.000275807 0.000275807 0 5.44689e-05 -4.06666e-05 -3.12753e-05 5.44689e-05 -4.06666e-05 -3.12753e-05 0 0 0 1.19189e-08 -4.2025e-07 5.743e-08 0 0 0 0 0 0 0 0 0 0.441419 0.441419 1 0
10 44 0 -0.333398 0.569331 0.75147 0.00023467 0.00023467 0 -6.1824e-05 -5.28743e-06 -2.34296e-05 -6.1824e-05 -5.28743e-06 -2.34296e-05 0 0 0 2.36603e-06 2.28137e-07 8.78946e-07 0 0 0 0 0 0 0 0 0 0.430121 0.430121 1 0
10 119 0 -0.474093 -0.101404 -0.874616 0.000397429 0.000397429 0 1.41873e-06 -1.50608e-05 9.91941e-07 1.41873e-06 -1.50608e-05 9.91941e-07 0 0 0 3.47336e-07 -2.02986e-07 -1.64512e-07 0 0 0 0 0 0 0 0 0 0.448012 0.448012 1 0
11 17 0 0.810673 0.519482 0.270089 0.000789122 0.000789122 0 4.66412e-05 -3.6696e-05 -6.9411e-05 4.66412e-05 -3.6696e-05 -6.9411e-05 0 0 0 -3.02795e-06 4.76089e-06 1.84784e-07 0 0 0 0 0 0 0 0 0 0.446856 0.446856 1 0
11 117 0 0.53446 0.341255 -0.773238 0.000201136 0.000201136 0 2.77753e-05 1.31251e-06 1.97782e-05 2.77753e-05 1.31251e-06 1.97782e-05 0 0 0 -4.59025e-06 -6.08469e-06 -5.92707e-06 0 0 0 0 0 0 0 0 0 0.440394 0.440394 1 0
14 18 0 -0.903934 0.378465 0.199167 0.000211158 0.000211158 0 9.00622e-06 2.40828e-05 -4.89717e-06 9.00622e-06 2.40828e-05 -4.89717e-06 0 0 0 -2.10554e-07 -2.24237e-07 -5.30736e-07 0 0 0 0 0 0 0 0 0 0.450515 0.450515 1 0
14 38 0 -0.317584 0.00595558 0.948212 0.000235992 0.000235992 0 4.03423e-05 8.52628e-06 1.34593e-05 4.03423e-05 8.52628e-06 1.34593e-05 0 0 0 -1.60197e-07 -5.04768e-07 -5.01955e-08 0 0 0 0 0 0 0 0 0 0.426915 0.426915 1 0
14 119 0 0.478468 -0.381753 -0.79078 0.000364054 0.000364054 0 4.22829e-05 2.50481e-05 1.34982e-05 4.22829e-05 2.50481e-05 1.34982e-05 0 0 0 -2.80226e-07 3.95159e-08 -1.88496e-07 0 0 0 0 0 0 0 0 0 0.459654 0.459654 1 0
15 21 0 0.71801 0.347001 0.603368 0.000796275 0.000796275 0 0.000111157 -4.90735e-05 -0.000104774 0.000111157 -4.90735e-05 -0.000104774 0 0 0 3.19481e-06 -2.24395e-06 -2.45452e-06 0 0 0 0 0 0 0 0 0 0.424128 0.424128 1 0
15 120 0 0.167459 0.264601 -0.949707 0.000411257 0.000411257 0 5.47302e-05 -2.63764e-05 2.2682e-06 5.47302e-05 -2.63764e-05 2.2682e-06 0 0 0 2.84214e-07 -1.91246e-06 -4.84461e-07 0 0 0 0 0 0 0 0 0 0.443876 0.443876 1 0
15 121 0 0.923975 -0.162845 -0.346051 6.11814e-05 6.11814e-05 0 2.4249e-06 8.00901e-07 6.0976e-06 2.4249e-06 8.00901e-07 6.0976e-06 0 0 0 1.90558e-08 -1.05577e-07 1.00587e-07 0 0 0 0 0 0 0 0 0 0.438024 0.438024 1 0
15 124 0 -0.964997 -0.229274 0.127337 0.00090704 0.00090704 0 9.84647e-06 -9.25546e-05 -8.77917e-05 9.84647e-06 -9.25546e-05 -8.77917e-05 0 0 0 -1.92995e-08 1.24736e-07 8.14461e-08 0 0 0 0 0 0 0 0 0 0.445872 0.445872 1 0
17 18 0 0.740588 0.658225 -0.135165 0.00083562 0.00083562 0 1.517e-05 8.34e-06 0.000126114 1.517e-05 8.34e-06 0.000126114 0 0 0 1.02501e-06 -1.6009e-06 -2.43224e-06 0 0 0 0 0 0 0 0 0 0.451984 0.451984 1 0
17 22 0 -0.179419 0.92339 -0.339351 0.000368052 0.000368052 0 -1.25537e-05 -1.16701e-05 -2.51369e-05 -1.25537e-05 -1.16701e-05 -2.51369e-05 0 0 0 -2.45214e-06 4.72919e-07 2.57955e-06 0 0 0 0 0 0 0 0 0 0.444189 0.444189 1 0
17 37 0 0.183681 -0.975871 0.118053 0.000513822 0.000513822 0 3.67105e-05 1.43671e-05 6.15549e-05 3.67105e-05 1.43671e-05 6.15549e-05 0 0 0 -1.62979e-06 -2.45387e-07 6.37657e-07 0 0 0 0 0 0 0 0 0 0.437641 0.437641 1 0
17 42 0 -0.214414 0.0335659 0.976166 0.000153755 0.000153755 0 3.28073e-05 -3.14172e-05 8.28677e-06 3.28073e-05 -3.14172e-05 8.28677e-06 0 0 0 -7.56986e-06 -3.9169e-06 -1.52148e-06 0 0 0 0 0 0 0 0 0 0.438975 0.438975 1 0
18 19 0 0.805049 0.490653 0.333401 0.000440035 0.000440035 0 -2.84141e-06 6.89022e-05 -9.44893e-05 -2.84141e-06 6.89022e-05 -9.44893e-05 0 0 0 1.10749e-06 -1.69739e-06 -1.74889e-07 0 0 0 0 0 0 0 0 0 0.450083 0.450083 1 0
18 43 0 -0.25135 -0.0241943 0.967594 0.000309928 0.000309928 0 4.17052e-05 -2.79007e-06 1.07647e-05 4.17052e-05 -2.79007e-06 1.07647e-05 0 0 0 -2.30058e-06 -1.14207e-06 -6.26394e-07 0 0 0 0 0 0 0 0 0 0.426428 0.426428 1 0
18 103 0 0.197848 0.776416 -0.59836 0.00051528 0.00051528 0 3.49924e-05 -1.22254e-05 -4.21879e-06 3.49924e-05 -1.22254e-05 -4.21879e-06 0 0 0 -6.85609e-07 2.36046e-07 7.75593e-08 0 0 0 0 0 0 0 0 0 0.44644 0.44644 1 0
19 23 0 -0.762851 0.535036 0.363037 0.000739358 0.000739358 0 -1.20067e-05 -5.69796e-06 -1.52623e-05 -1.20067e-05 -5.69796e-06 -1.52623e-05 0 0 0 -1.93206e-08 -3.39764e-09 -3.57207e-08 0 0 0 0 0 0 0 0 0 0.429001 0.429001 1 0
19 24 0 0.129598 0.807 0.576155 0.000435218 0.000435218 0 3.96145e-05 -2.60414e-05 2.75412e-05 3.96145e-05 -2.60414e-05 2.75412e-05 0 0 0 -1.25816e-08 2.9528e-09 -1.30657e-09 0 0 0 0 0 0 0 0 0 0.432373 0.432373 1 0
19 38 0 -0.215097 -0.891318 0.399106 0.000475766 0.000475766 0 -1.22522e-05 -1.52284e-05 -4.06892e-05 -1.22522e-05 -1.52284e-05 -4.06892e-05 0 0 0 3.51072e-06 -1.42523e-06 -1.30742e-06 0 0 0 0 0 0 0 0 0 0.426548 0.426548 1 0
19 40 0 0.861913 0.507011 0.00678081 0.000458494 0.000458494 0 -2.17431e-05 3.68805e-05 -2.067e-06 -2.17431e-05 3.68805e-05 -2.067e-06 0 0 0 2.88965e-06 -4.87851e-06 -8.82397e-07 0 0 0 0 0 0 0 0 0 0.455044 0.455044 1 0
19 44 0 0.74382 -0.611325 0.270209 0.000217796 0.000217796 0 -3.27003e-05 -4.26611e-05 -6.86563e-06 -3.27003e-05 -4.26611e-05 -6.86563e-06 0 0 0 1.44929e-07 1.02666e-07 -1.65222e-07 0 0 0 0 0 0 0 0 0 0.439988 0.439988 1 0
19 49 0 -0.201598 -0.0210339 0.979242 0.000295311 0.000295311 0 2.63534e-05 -3.9172e-05 4.50631e-06 2.63534e-05 -3.9172e-05 4.50631e-06 0 0 0 8.56252e-07 7.13721e-06 3.34339e-07 0 0 0 0 0 0 0 0 0 0.448124 0.448124 1 0
19 124 0 0.363433 0.0209202 -0.931385 0.00108025 0.00108025 0 8.38475e-05 -6.17223e-05 3.09942e-05 8.38475e-05 -6.17223e-05 3.09942e-05 0 0 0 -3.24929e-06 -2.19919e-06 -1.31326e-06 0 0 0 0 0 0 0 0 0 0.46281 0.46281 1 0
20 40 0 0.137176 -0.611275 0.77944 0.000548555 0.000548555 0 7.86239e-06 -7.23158e-06 -7.23255e-06 7.86239e-06 -7.23158e-06 -7.23255e-06 0 0 0 -6.43378e-07 -5.50288e-07 -2.75434e-07 0 0 0 0 0 0 0 0 0 0.442949 0.442949 1 0
20 100 0 0.2876 0.29307 -0.911809 0.000457093 0.000457093 0 -6.45534e-06 1.34852e-05 2.33676e-06 -6.45534e-06 1.34852e-05 2.33676e-06 0 0 0 -6.93701e-07 -1.31493e-07 -2.56543e-07 0 0 0 0 0 0 0 0 0 0.433061 0.433061 1 0
21 22 0 0.520153 -0.853082 -0.0411285 0.000363738 0.000363738 0 -3.51861e-05 -2.07817e-05 -1.40242e-05 -3.51861e-05 -2.07817e-05 -1.40242e-05 0 0 0 1.0741e-06 8.13362e-07 -3.30569e-06 0 0 0 0 0 0 0 0 0 0.422176 0.422176 1 0
21 45 0 -0.330849 0.824418 0.459211 0.000432721 0.000432721 0 -4.29702e-05 -5.24124e-06 -2.18123e-05 -4.29702e-05 -5.24124e-06 -2.18123e-05 0 0 0 2.27212e-06 1.13195e-06 -3.43656e-07 0 0 0 0 0 0 0 0 0 0.438452 0.438452 1 0
22 121 0 -0.286809 0.330757 -0.899078 7.98063e-05 7.98063e-05 0 -1.20506e-05 -2.64045e-06 2.87322e-06 -1.20506e-05 -2.64045e-06 2.87322e-06 0 0 0 8.54695e-07 9.85853e-07 8.98541e-08 0 0 0 0 0 0 0 0 0 0.435875 0.435875 1 0
22 122 0 0.568019 -0.3401 -0.749458 0.0001543 0.0001543 0 2.27182e-05 2.5827e-05 5.50012e-06 2.27182e-05 2.5827e-05 5.50012e-06 0 0 0 -1.194e-06 -1.83332e-07 -7.99157e-07 0 0 0 0 0 0 0 0 0 0.444332 0.444332 1 0
23 48 0 -0.366892 0.333145 0.868565 0.0010719 0.0010719 0 0.000185738 -8.30791e-05 0.000108609 0.000185738 -8.30791e-05 0.000108609 0 0 0 -3.02382e-08 9.61396e-08 -4.93431e-08 0 0 0 0 0 0 0 0 0 0.423113 0.423113 1 0
24 28 0 -0.0298158 0.936125 -0.350402 0.000452292 0.000452292 0 -3.06411e-05 -6.93497e-06 -1.58517e-05 -3.06411e-05 -6.93497e-06 -1.58517e-05 0 0 0 2.39145e-06 -1.14344e-06 -3.21633e-06 0 0 0 0 0 0 0 0 0 0.422002 0.422002 1 0
24 40 0 0.766576 -0.286771 -0.574563 5.66276e-05 5.66276e-05 0 3.82536e-06 6.03133e-06 2.09213e-06 3.82536e-06 6.03133e-06 2.09213e-06 0 0 0 4.60492e-09 -3.48361e-08 2.35293e-08 0 0 0 0 0 0 0 0 0 0.427112 0.427112 1 0
24 74 0 0.241554 -0.189853 0.951634 0.000607637 0.000607637 0 -2.41692e-05 2.00633e-05 1.01037e-05 -2.41692e-05 2.00633e-05 1.01037e-05 0 0 0 -2.55592e-06 -2.44614e-06 1.37831e-07 0 0 0 0 0 0 0 0 0 0.418465 0.418465 1 0
25 26 0 0.775987 -0.382995 -0.501158 0.000499062 0.000499062 0 4.28141e-05 8.65198e-05 4.07015e-07 4.28141e-05 8.65198e-05 4.07015e-07 0 0 0 -1.21851e-05 -7.76965e-06 -1.36217e-05 0 0 0 0 0 0 0 0 0 0.44395 0.44395 1 0
25 45 0 -0.0857064 -0.125161 -0.988428 0.000878829 0.000878829 0 6.71064e-05 -0.0001143 8.17321e-06 6.71064e-05 -0.0001143 8.17321e-06 0 0 0 -7.53763e-06 6.17865e-06 1.27e-07 0 0 0 0 0 0 0 0 0 0.444553 0.444553 1 0
25 50 0 -0.653177 -0.406181 0.639043 0.0005654 0.0005654 0 -2.02416e-05 5.52504e-05 1.43101e-05 -2.02416e-05 5.52504e-05 1.43101e-05 0 0 0 -7.81011e-07 -2.62549e-06 -2.42926e-06 0 0 0 0 0 0 0 0 0 0.421405 0.421405 1 0
25 55 0 -0.156301 0.65743 0.737127 0.000876306 0.000876306 0 0.00010465 -7.27925e-05 8.86141e-05 0.00010465 -7.27925e-05 8.86141e-05 0 0 0 -2.72228e-06 5.26759e-07 -1.02466e-06 0 0 0 0 0 0 0 0 0 0.441596 0.441596 1 0
26 27 0 0.880589 0.306764 -0.361191 0.000723991 0.000723991 0 -7.34385e-05 0.0001601 -4.30157e-05 -7.34385e-05 0.0001601 -4.30157e-05 0 0 0 5.24517e-07 7.33082e-07 1.87458e-06 0 0 0 0 0 0 0 0 0 0.439136 0.439136 1 0
26 31 0 0.133135 0.928677 -0.34617 0.00014949 0.00014949 0 9.8675e-06 -4.66056e-06 -8.71014e-06 9.8675e-06 -4.66056e-06 -8.71014e-06 0 0 0 -7.95213e-07 8.26622e-07 1.91059e-06 0 0 0 0 0 0 0 0 0 0.434949 0.434949 1 0
26 45 0 -0.842039 0.251812 -0.477033 0.000505398 0.000505398 0 5.84405e-06 2.19839e-05 1.28546e-06 5.84405e-06 2.19839e-05 1.28546e-06 0 0 0 -3.1825e-07 -3.77217e-07 3.62429e-07 0 0 0 0 0 0 0 0 0 0.460343 0.460343 1 0
26 47 0 0.0840813 -0.987561 -0.132868 0.000392275 0.000392275 0 -0.000138905 -2.08951e-05 6.74169e-05 -0.000138905 -2.08951e-05 6.74169e-05 0 0 0 1.17429e-05 1.12518e-06 -1.03783e-06 0 0 0 0 0 0 0 0 0 0.430122 0.430122 1 0
26 48 0 0.598572 -0.29696 0.743993 0.000716234 0.000716234 0 -0.000107748 -1.13031e-05 8.22654e-05 -0.000107748 -1.13031e-05 8.22654e-05 0 0 0 7.77197e-07 1.12163e-06 -1.79406e-07 0 0 0 0 0 0 0 0 0 0.453283 0.453283 1 0
27 28 0 0.956479 0.252451 0.14634 0.00105385 0.00105385 0 -3.91425e-05 0.000101523 8.06995e-05 -3.91425e-05 0.000101523 8.06995e-05 0 0 0 3.76592e-07 -2.82516e-07 -1.96961e-06 0 0 0 0 0 0 0 0 0 0.428988 0.428988 1 0
27 32 0 0.0791963 0.886945 -0.455034 0.000528311 0.000528311 0 9.48645e-05 -6.03748e-05 -0.000101222 9.48645e-05 -6.03748e-05 -0.000101222 0 0 0 3.38394e-06 5.79511e-07 1.80867e-06 0 0 0 0 0 0 0 0 0 0.433876 0.433876 1 0
27 53 0 0.23931 0.282636 0.928896 0.000424013 0.000424013 0 1.67834e-05 6.82735e-05 -2.5112e-05 1.67834e-05 6.82735e-05 -2.5112e-05 0 0 0 -1.49143e-06 -3.58237e-06 1.50316e-06 0 0 0 0 0 0 0 0 0 0.433485 0.433485 1 0
28 33 0 -0.0714833 0.825332 0.560105 0.000756489 0.000756489 0 0.00015146 -2.00018e-06 2.2137e-05 0.00015146 -2.00018e-06 2.2137e-05 0 0 0 -3.26015e-06 2.5762e-07 -7.44835e-07 0 0 0 0 0 0 0 0 0 0.449501 0.449501 1 0
28 34 0 0.888155 0.371383 -0.270658 0.00100067 0.00100067 0 7.96835e-06 -3.37875e-06 2.25559e-05 7.96835e-06 -3.37875e-06 2.25559e-05 0 0 0 2.63127e-06 -4.97639e-06 2.06337e-06 0 0 0 0 0 0 0 0 0 0.426031 0.426031 1 0
30 31 0 0.941234 -0.272555 -0.199482 0.000593569 0.000593569 0 2.24906e-05 2.93582e-05 6.73961e-05 2.24906e-05 2.93582e-05 6.73961e-05 0 0 0 -4.2661e-06 -9.03001e-06 -8.78859e-06 0 0 0 0 0 0 0 0 0 0.408782 0.408782 1 0
30 34 0 -0.897054 -0.27743 -0.343985 0.000630964 0.000630964 0 -3.87094e-05 -1.11861e-05 0.000110019 -3.87094e-05 -1.11861e-05 0.000110019 0 0 0 -3.05165e-06 1.38076e-06 6.89962e-06 0 0 0 0 0 0 0 0 0 0.409625 0.409625 1 0
30 36 0 0.29221 0.935898 0.196743 0.000349542 0.000349542 0 3.34606e-05 -2.06629e-05 4.8317e-05 3.34606e-05 -2.06629e-05 4.8317e-05 0 0 0 -1.39408e-06 5.59126e-07 -4.63507e-07 0 0 0 0 0 0 0 0 0 0.412924 0.412924 1 0
30 59 0 -0.781433 0.123295 0.611687 0.000114121 0.000114121 0 -2.28818e-05 -1.8877e-06 -2.88595e-05 -2.28818e-05 -1.8877e-06 -2.88595e-05 0 0 0 -2.53585e-06 3.30857e-06 -3.90361e-06 0 0 0 0 0 0 0 0 0 0.429986 0.429986 1 0
31 32 0 0.838842 0.266219 -0.474839 0.000765852 0.000765852 0 9.99383e-06 -5.24711e-06 1.536e-05 9.99383e-06 -5.24711e-06 1.536e-05 0 0 0 -2.32263e-08 7.49554e-08 3.1193e-10 0 0 0 0 0 0 0 0 0 0.429837 0.429837 1 0
31 56 0 -0.0210591 -0.139146 0.990048 0.00046201 0.00046201 0 4.93163e-05 -1.29674e-05 -7.28757e-07 4.93163e-05 -1.29674e-05 -7.28757e-07 0 0 0 -2.02053e-06 1.00614e-05 1.37871e-06 0 0 0 0 0 0 0 0 0 0.422851 0.422851 1 0
32 37 0 -0.634723 0.71793 0.285836 0.000235366 0.000235366 0 -1.2191e-06 -3.36342e-05 8.17733e-05 -1.2191e-06 -3.36342e-05 8.17733e-05 0 0 0 -1.25504e-08 -8.90197e-08 2.10714e-07 0 0 0 0 0 0 0 0 0 0.430054 0.430054 1 0
32 112 0 0.266854 0.129001 -0.955064 0.000870618 0.000870618 0 0.000149502 0.000108966 5.64098e-05 0.000149502 0.000108966 5.64098e-05 0 0 0 -1.28196e-08 2.92032e-06 3.70985e-07 0 0 0 0 0 0 0 0 0 0.437516 0.437516 1 0
33 58 0 -0.019128 0.0923361 0.995544 0.000747724 0.000747724 0 5.9034e-05 -3.12043e-05 4.03495e-06 5.9034e-05 -3.12043e-05 4.03495e-06 0 0 0 2.30511e-06 -4.79577e-07 7.56064e-08 0 0 0 0 0 0 0 0 0 0.430399 0.430399 1 0
33 59 0 0.991762 -0.0847678 0.0960294 0.000177699 0.000177699 0 2.32805e-07 -1.2038e-05 -1.30558e-05 2.32805e-07 -1.2038e-05 -1.30558e-05 0 0 0 2.55417e-08 -2.5352e-08 -2.86427e-07 0 0 0 0 0 0 0 0 0 0.462316 0.462316 1 0
33 63 0 -0.224088 0.961564 0.15868 0.000639587 0.000639587 0 -0.000154572 -2.78517e-05 -4.93645e-05 -0.000154572 -2.78517e-05 -4.93645e-05 0 0 0 2.67709e-05 4.03414e-06 1.30752e-05 0 0 0 0 0 0 0 0 0 0.453074 0.453074 1 0
35 42 0 0.876092 -0.14151 0.46091 0.00027255 0.00027255 0 -2.30203e-05 3.85634e-05 5.57993e-05 -2.30203e-05 3.85634e-05 5.57993e-05 0 0 0 4.53514e-07 5.7191e-07 -8.11136e-07 0 0 0 0 0 0 0 0 0 0.42928 0.42928 1 0
35 71 0 0.391823 0.710873 0.584067 9.08625e-06 9.08625e-06 0 -3.20708e-06 1.70852e-06 7.20208e-08 -3.20708e-06 1.70852e-06 7.20208e-08 0 0 0 -1.94048e-07 -1.92879e-07 3.6495e-07 0 0 0 0 0 0 0 0 0 0.441397 0.441397 1 0
36 42 0 0.432313 0.848925 0.304026 0.000351049 0.000351049 0 -2.88221e-05 3.02055e-05 -4.32464e-05 -2.88221e-05 3.02055e-05 -4.32464e-05 0 0 0 2.08662e-07 -1.10654e-07 3.7941e-08 0 0 0 0 0 0 0 0 0 0.419493 0.419493 1 0
36 61 0 0.250965 -0.417505 0.87333 5.90715e-05 5.90715e-05 0 -2.16586e-06 2.91607e-06 2.01661e-06 -2.16586e-06 2.91607e-06 2.01661e-06 0 0 0 -1.05557e-05 3.47111e-06 4.69074e-06 0 0 0 0 0 0 0 0 0 0.426847 0.426847 1 0
37 57 0 0.463813 -0.504443 0.728295 0.000501495 0.000501495 0 -6.16084e-05 -2.07286e-06 3.74175e-05 -6.16084e-05 -2.07286e-06 3.74175e-05 0 0 0 5.40172e-07 1.94657e-06 9.65417e-07 0 0 0 0 0 0 0 0 0 0.409407 0.409407 1 0
38 43 0 -0.898636 0.37439 0.228659 0.000243825 0.000243825 0 6.69796e-08 4.47234e-05 -7.29672e-05 6.69796e-08 4.47234e-05 -7.29672e-05 0 0 0 -1.72193e-07 -8.251e-07 6.75841e-07 0 0 0 0 0 0 0 0 0 0.406252 0.406252 1 0
38 63 0 0.0103418 -0.811133 0.58477 0.000695367 0.000695367 0 6.26584e-05 -1.32908e-06 -2.99392e-06 6.26584e-05 -1.32908e-06 -2.99392e-06 0 0 0 -1.03444e-05 -2.78293e-07 -1.28303e-07 0 0 0 0 0 0 0 0 0 0.419421 0.419421 1 0
40 46 0 0.904217 0.0166172 0.426751 0.00053611 0.00053611 0 -4.6627e-06 -6.65225e-05 1.21276e-05 -4.6627e-06 -6.65225e-05 1.21276e-05 0 0 0 1.21335e-07 3.07132e-06 -3.36692e-07 0 0 0 0 0 0 0 0 0 0.435183 0.435183 1 0
40 70 0 0.0890283 -0.423135 0.901682 0.000148295 0.000148295 0 1.04851e-05 3.69478e-05 1.63029e-05 1.04851e-05 3.69478e-05 1.63029e-05 0 0 0 2.31336e-06 -5.87797e-07 -4.89472e-07 0 0 0 0 0 0 0 0 0 0.439966 0.439966 1 0
42 43 0 0.751001 0.637171 -0.173234 0.000116557 0.000116557 0 -9.75786e-06 7.545e-06 -1.45511e-05 -9.75786e-06 7.545e-06 -1.45511e-05 0 0 0 -2.91817e-07 2.10151e-07 -4.92519e-07 0 0 0 0 0 0 0 0 0 0.415452 0.415452 1 0
42 62 0 0.628525 -0.697417 0.344334 0.00058012 0.00058012 0 6.46434e-05 3.46588e-05 -4.72843e-05 6.46434e-05 3.46588e-05 -4.72843e-05 0 0 0 2.69535e-08 1.29974e-08 -2.29523e-08 0 0 0 0 0 0 0 0 0 0.423302 0.423302 1 0
42 67 0 0.332763 0.0847557 0.939194 0.000206865 0.000206865 0 -5.19633e-05 -5.37628e-05 2.32633e-05 -5.19633e-05 -5.37628e-05 2.32633e-05 0 0 0 2.31058e-06 -8.87014e-08 -8.06235e-07 0 0 0 0 0 0 0 0 0 0.436523 0.436523 1 0
42 71 0 -0.47869 0.867697 0.134008 0.000641001 0.000641001 0 0.000121467 7.01085e-05 -1.78976e-05 0.000121467 7.01085e-05 -1.78976e-05 0 0 0 4.71578e-06 3.64358e-06 -5.38493e-06 0 0 0 0 0 0 0 0 0 0.427526 0.427526 1 0
43 47 0 -0.602638 0.736384 -0.307516 0.000735151 0.000735151 0 -5.66736e-05 -4.5491e-05 -2.40625e-06 -5.66736e-05 -4.5491e-05 -2.40625e-06 0 0 0 -1.3588e-05 -1.17841e-05 -1.9616e-06 0 0 0 0 0 0 0 0 0 0.409952 0.409952 1 0
43 68 0 0.527496 -0.340017 0.778547 0.000645985 0.000645985 0 -1.85134e-05 -6.86838e-05 -1.57618e-05 -1.85134e-05 -6.86838e-05 -1.57618e-05 0 0 0 5.703e-06 5.59625e-06 -6.57796e-07 0 0 0 0 0 0 0 0 0 0.407767 0.407767 1 0
44 69 0 -0.336383 -0.254359 0.906724 0.000201523 0.000201523 0 5.59981e-05 -6.94628e-07 2.05777e-05 5.59981e-05 -6.94628e-07 2.05777e-05 0 0 0 -3.09532e-05 -3.53074e-06 -1.22757e-05 0 0 0 0 0 0 0 0 0 0.439779 0.439779 1 0
44 70 0 0.230221 0.722713 0.651678 4.50699e-06 4.50699e-06 0 -8.42572e-09 1.20874e-06 -1.33752e-06 -8.42572e-09 1.20874e-06 -1.33752e-06 0 0 0 1.88918e-10 -7.72164e-09 8.49658e-09 0 0 0 0 0 0 0 0 0 0.426313 0.426313 1 0
45 46 0 0.0591191 -0.878708 0.473685 0.000494314 0.000494314 0 -0.000124957 -3.7368e-05 -5.38474e-05 -0.000124957 -3.7368e-05 -5.38474e-05 0 0 0 4.5788e-06 5.30927e-07 3.28371e-07 0 0 0 0 0 0 0 0 0 0.440575 0.440575 1 0
46 71 0 0.277622 -0.830057 0.483665 0.000748986 0.000748986 0 0.000176428 9.23612e-05 5.89569e-05 0.000176428 9.23612e-05 5.89569e-05 0 0 0 -4.01721e-06 -2.94038e-06 -2.90303e-06 0 0 0 0 0 0 0 0 0 0.430814 0.430814 1 0
47 71 0 -0.634834 -0.476829 0.607964 0.000909603 0.000909603 0 -0.000126129 -1.48849e-05 -0.00014287 -0.000126129 -1.48849e-05 -0.00014287 0 0 0 1.34366e-05 -3.85027e-06 1.14087e-05 0 0 0 0 0 0 0 0 0 0.42154 0.42154 1 0
48 72 0 -0.116046 -0.904613 0.410133 0.000887192 0.000887192 0 -5.15555e-05 -5.46467e-05 -0.000135361 -5.15555e-05 -5.46467e-05 -0.000135361 0 0 0 2.9251e-07 2.07421e-07 5.58508e-07 0 0 0 0 0 0 0 0 0 0.447001 0.447001 1 0
48 73 0 0.629958 -0.229416 0.741971 0.000969895 0.000969895 0 8.78651e-05 2.75149e-05 -6.62754e-05 8.78651e-05 2.75149e-05 -6.62754e-05 0 0 0 6.77323e-07 -8.01834e-06 -2.99574e-06 0 0 0 0 0 0 0 0 0 0.423754 0.423754 1 0
48 76 0 -0.203614 0.690163 0.694418 0.0013863 0.0013863 0 -0.000148641 0.000145457 -0.000189774 -0.000148641 0.000145457 -0.000189774 0 0 0 -9.62946e-07 -5.9825e-07 3.22879e-07 0 0 0 0 0 0 0 0 0 0.422705 0.422705 1 0
49 68 0 -0.370481 -0.851961 0.370008 0.00027888 0.00027888 0 -2.86394e-05 3.22664e-05 4.56256e-05 -2.86394e-05 3.22664e-05 4.56256e-05 0 0 0 3.35023e-07 -5.47299e-07 -9.20143e-07 0 0 0 0 0 0 0 0 0 0.417602 0.417602 1 0
49 74 0 0.572801 0.645024 0.505809 0.000233019 0.000233019 0 -3.46952e-05 9.64226e-06 2.70115e-05 -3.46952e-05 9.64226e-06 2.70115e-05 0 0 0 4.10088e-06 -2.62084e-06 -1.29634e-06 0 0 0 0 0 0 0 0 0 0.432694 0.432694 1 0
50 54 0 -0.845022 0.465356 -0.263403 0.000252516 0.000252516 0 -1.89742e-05 -3.894e-05 -7.5911e-06 -1.89742e-05 -3.894e-05 -7.5911e-06 0 0 0 2.77476e-06 9.97628e-07 -7.29752e-06 0 0 0 0 0 0 0 0 0 0.426697 0.426697 1 0
50 74 0 -0.833456 -0.546235 -0.0835428 0.000599602 0.000599602 0 2.32108e-05 -3.61133e-05 6.76363e-06 2.32108e-05 -3.61133e-05 6.76363e-06 0 0 0 3.38101e-07 -2.12388e-06 9.89129e-06 0 0 0 0 0 0 0 0 0 0.421315 0.421315 1 0
50 75 0 0.515898 0.304674 0.800639 0.000593178 0.000593178 0 1.3319e-05 -7.00637e-05 1.8137e-05 1.3319e-05 -7.00637e-05 1.8137e-05 0 0 0 -5.13553e-08 -1.71251e-06 7.08102e-07 0 0 0 0 0 0 0 0 0 0.423398 0.423398 1 0
53 54 0 0.941714 -0.138819 0.306436 0.000252472 0.000252472 0 -5.40099e-06 -4.35217e-05 -3.26201e-06 -5.40099e-06 -4.35217e-05 -3.26201e-06 0 0 0 1.40334e-08 1.20701e-07 1.25664e-08 0 0 0 0 0 0 0 0 0 0.44407 0.44407 1 0
53 57 0 -0.350102 0.844967 -0.4043 0.000303199 0.000303199 0 -3.92229e-05 6.97924e-06 4.8572e-05 -3.92229e-05 6.97924e-06 4.8572e-05 0 0 0 1.19825e-06 -2.01635e-07 -1.46343e-06 0 0 0 0 0 0 0 0 0 0.424311 0.424311 1 0
53 78 0 0.233963 0.0441421 0.971243 0.000365551 0.000365551 0 -5.42533e-05 -1.26245e-05 1.36195e-05 -5.42533e-05 -1.26245e-05 1.36195e-05 0 0 0 -1.21234e-08 4.39542e-06 -1.7011e-07 0 0 0 0 0 0 0 0 0 0.429482 0.429482 1 0
55 59 0 -0.582322 0.253231 -0.772512 7.60131e-05 7.60131e-05 0 -2.01442e-05 -4.33026e-06 1.37659e-05 -2.01442e-05 -4.33026e-06 1.37659e-05 0 0 0 1.48574e-07 1.48281e-07 -6.35401e-08 0 0 0 0 0 0 0 0 0 0.458132 0.458132 1 0
55 61 0 0.69757 0.623905 -0.352332 0.000455937 0.000455937 0 8.43195e-05 -6.25409e-05 5.6486e-05 8.43195e-05 -6.25409e-05 5.6486e-05 0 0 0 -4.97621e-06 3.12747e-06 -4.39015e-06 0 0 0 0 0 0 0 0 0 0.442422 0.442422 1 0
55 75 0 0.0248707 -0.752345 0.658299 0.000630604 0.000630604 0 0.000155532 8.53099e-05 9.16315e-05 0.000155532 8.53099e-05 9.16315e-05 0 0 0 -1.58069e-05 -1.68699e-05 -1.77664e-05 0 0 0 0 0 0 0 0 0 0.443891 0.443891 1 0
55 81 0 0.835644 0.0928614 0.541365 0.000314897 0.000314897 0 1.53402e-05 -0.00010232 -6.12516e-06 1.53402e-05 -0.00010232 -6.12516e-06 0 0 0 -9.02896e-08 -2.69405e-07 1.83358e-07 0 0 0 0 0 0 0 0 0 0.455915 0.455915 1 0
55 85 0 0.155334 0.810085 0.565361 0.000187963 0.000187963 0 -4.78612e-05 -1.1856e-05 3.01378e-05 -4.78612e-05 -1.1856e-05 3.01378e-05 0 0 0 1.41787e-08 7.81703e-08 -1.16398e-07 0 0 0 0 0 0 0 0 0 0.437774 0.437774 1 0
55 89 0 -0.736453 0.636622 0.228798 0.000979453 0.000979453 0 -7.99891e-05 -3.52734e-05 -0.000147936 -7.99891e-05 -3.52734e-05 -0.000147936 0 0 0 -1.40204e-07 7.54999e-08 -5.43405e-07 0 0 0 0 0 0 0 0 0 0.427829 0.427829 1 0
56 61 0 -0.353915 0.894432 0.273379 0.000159768 0.000159768 0 -1.43016e-05 -1.08406e-06 -1.49647e-05 -1.43016e-05 -1.08406e-06 -1.49647e-05 0 0 0 -2.96861e-06 -1.3592e-06 6.16299e-07 0 0 0 0 0 0 0 0 0 0.431876 0.431876 1 0
56 76 0 0.310887 -0.432802 0.846187 0.000491334 0.000491334 0 -4.23168e-05 -6.42203e-06 1.22109e-05 -4.23168e-05 -6.42203e-06 1.22109e-05 0 0 0 4.68677e-07 -5.72873e-07 -4.64821e-07 0 0 0 0 0 0 0 0 0 0.41634 0.41634 1 0
57 82 0 -0.0115073 -0.0559497 0.998367 0.000327244 0.000327244 0 2.93849e-05 2.64334e-05 1.93348e-06 2.93849e-05 2.64334e-05 1.93348e-06 0 0 0 -3.60143e-07 -2.91246e-08 -5.68428e-09 0 0 0 0 0 0 0 0 0 0.431751 0.431751 1 0
58 78 0 -0.400639 -0.896541 0.188954 0.000255554 0.000255554 0 -3.39112e-05 5.16359e-06 -4.74318e-05 -3.39112e-05 5.16359e-06 -4.74318e-05 0 0 0 3.19679e-07 1.1025e-06 5.95292e-06 0 0 0 0 0 0 0 0 0 0.408842 0.408842 1 0
58 82 0 -0.974625 -0.127359 -0.184079 6.70306e-05 6.70306e-05 0 -5.55239e-06 5.38422e-06 2.56725e-05 -5.55239e-06 5.38422e-06 2.56725e-05 0 0 0 6.17606e-08 -7.14432e-08 -2.77531e-07 0 0 0 0 0 0 0 0 0 0.431283 0.431283 1 0
58 88 0 0.0118371 0.145564 0.989278 0.000683592 0.000683592 0 -3.3104e-05 7.00469e-05 -9.88744e-06 -3.3104e-05 7.00469e-05 -9.88744e-06 0 0 0 -3.93364e-06 -4.13053e-06 7.65669e-07 0 0 0 0 0 0 0 0 0 0.400955 0.400955 1 0
58 89 0 0.969997 0.198225 0.140758 0.000297055 0.000297055 0 -1.12204e-05 3.65041e-05 2.60494e-05 -1.12204e-05 3.65041e-05 2.60494e-05 0 0 0 2.77427e-10 6.05114e-08 -8.52473e-08 0 0 0 0 0 0 0 0 0 0.404676 0.404676 1 0
61 62 0 0.796548 0.55954 -0.228968 0.00038889 0.00038889 0 -7.18147e-05 8.03331e-05 -5.35713e-05 -7.18147e-05 8.03331e-05 -5.35713e-05 0 0 0 1.33708e-06 -8.87239e-07 2.49036e-06 0 0 0 0 0 0 0 0 0 0.430862 0.430862 1 0
61 86 0 0.496967 0.403268 0.768374 0.000163357 0.000163357 0 2.50429e-05 -2.18179e-05 -4.74196e-06 2.50429e-05 -2.18179e-05 -4.74196e-06 0 0 0 -2.94727e-06 -3.15442e-06 3.55238e-06 0 0 0 0 0 0 0 0 0 0.423201 0.423201 1 0
62 63 0 0.976773 0.150956 -0.152077 0.000639257 0.000639257 0 4.28093e-05 -0.000168494 0.000107072 4.28093e-05 -0.000168494 0.000107072 0 0 0 -7.83813e-09 6.58651e-07 6.09962e-07 0 0 0 0 0 0 0 0 0 0.437055 0.437055 1 0
63 64 0 0.550809 0.0159061 0.83448 0.000629146 0.000629146 0 9.26323e-05 -6.0214e-05 -5.93927e-05 9.26323e-05 -6.0214e-05 -5.93927e-05 0 0 0 -3.32123e-06 -1.18232e-08 2.1613e-06 0 0 0 0 0 0 0 0 0 0.419591 0.419591 1 0
64 69 0 0.0761814 0.794886 -0.601957 0.000220032 0.000220032 0 -4.35296e-05 1.2947e-05 1.15871e-05 -4.35296e-05 1.2947e-05 1.15871e-05 0 0 0 1.53397e-07 -7.48429e-08 -7.94329e-08 0 0 0 0 0 0 0 0 0 0.426535 0.426535 1 0
64 87 0 -0.984391 0.0530975 0.167795 0.0007397 0.0007397 0 -1.78127e-05 0.000142967 -0.000152765 -1.78127e-05 0.000142967 -0.000152765 0 0 0 -8.89206e-07 -4.52788e-05 1.9771e-05 0 0 0 0 0 0 0 0 0 0.40729 0.40729 1 0
64 89 0 0.628784 -0.762019 0.154779 0.00178828 0.00178828 0 8.69272e-05 6.99843e-05 -2.6257e-05 8.69272e-05 6.99843e-05 -2.6257e-05 0 0 0 -5.76203e-07 -3.03966e-07 1.08163e-06 0 0 0 0 0 0 0 0 0 0.402062 0.402062 1 0
64 94 0 0.0333456 0.903492 0.427306 0.000943933 0.000943933 0 -3.09417e-05 1.95882e-05 -3.87536e-05 -3.09417e-05 1.95882e-05 -3.87536e-05 0 0 0 5.17441e-07 -7.18873e-08 1.10262e-07 0 0 0 0 0 0 0 0 0 0.411468 0.411468 1 0
65 69 0 -0.926554 -0.208939 -0.312799 0.000356412 0.000356412 0 -1.34987e-06 -1.30874e-06 4.90787e-06 -1.34987e-06 -1.30874e-06 4.90787e-06 0 0 0 -9.07772e-07 3.07806e-06 1.33059e-06 0 0 0 0 0 0 0 0 0 0.445757 0.445757 1 0
65 71 0 0.714598 0.375063 -0.59049 0.0008487 0.0008487 0 -4.20902e-05 8.66305e-06 -4.44048e-05 -4.20902e-05 8.66305e-06 -4.44048e-05 0 0 0 -2.0634e-07 1.66113e-06 8.54664e-07 0 0 0 0 0 0 0 0 0 0.435688 0.435688 1 0
65 90 0 -0.110138 -0.680874 0.724072 0.000786322 0.000786322 0 -6.68384e-05 -1.68328e-05 -2.13657e-05 -6.68384e-05 -1.68328e-05 -2.13657e-05 0 0 0 1.81813e-06 -7.69732e-07 -3.9081e-07 0 0 0 0 0 0 0 0 0 0.440658 0.440658 1 0
65 95 0 -0.172539 0.915846 0.36257 0.000327127 0.000327127 0 -2.29195e-05 1.41862e-06 -1.44637e-05 -2.29195e-05 1.41862e-06 -1.44637e-05 0 0 0 5.1282e-07 -2.19563e-07 7.9892e-07 0 0 0 0 0 0 0 0 0 0.419592 0.419592 1 0
67 68 0 0.906011 0.208595 -0.368282 0.000290915 0.000290915 0 -2.057e-05 1.34304e-05 -4.35892e-05 -2.057e-05 1.34304e-05 -4.35892e-05 0 0 0 2.11647e-06 -2.45387e-06 3.82425e-06 0 0 0 0 0 0 0 0 0 0.427634 0.427634 1 0
67 72 0 0.22201 0.970898 -0.08982 0.00088656 0.00088656 0 -4.23153e-05 -3.54777e-06 -0.000148876 -4.23153e-05 -3.54777e-06 -0.000148876 0 0 0 -1.06762e-07 3.09952e-08 -1.54409e-08 0 0 0 0 0 0 0 0 0 0.453167 0.453167 1 0
67 86 0 -0.0202411 -0.926588 0.375533 0.000867748 0.000867748 0 -5.09407e-05 -3.34494e-05 -8.36949e-05 -5.09407e-05 -3.34494e-05 -8.36949e-05 0 0 0 2.27682e-07 5.21817e-07 1.29673e-06 0 0 0 0 0 0 0 0 0 0.435997 0.435997 1 0
67 91 0 -0.628981 -0.251659 0.735561 0.000489941 0.000489941 0 -3.97113e-06 -6.76349e-06 -5.77047e-06 -3.97113e-06 -6.76349e-06 -5.77047e-06 0 0 0 2.775e-06 -2.27039e-06 1.59676e-06 0 0 0 0 0 0 0 0 0 0.452113 0.452113 1 0
68 69 0 0.984583 -0.0221372 -0.173509 0.000361615 0.000361615 0 1.41034e-05 -5.21116e-05 8.68803e-05 1.41034e-05 -5.21116e-05 8.68803e-05 0 0 0 -4.66905e-06 1.67534e-05 -3.19409e-05 0 0 0 0 0 0 0 0 0 0.428109 0.428109 1 0
68 87 0 -0.0413982 -0.79143 0.609856 0.000492712 0.000492712 0 0.000135313 -2.32417e-05 -2.09887e-05 0.000135313 -2.32417e-05 -2.09887e-05 0 0 0 -3.98909e-06 2.05796e-05 2.44674e-05 0 0 0 0 0 0 0 0 0 0.408659 0.408659 1 0
68 98 0 -0.0554842 0.16122 0.985358 0.0001905 0.0001905 0 -4.12036e-05 2.30491e-05 -6.08895e-06 -4.12036e-05 2.30491e-05 -6.08895e-06 0 0 0 4.1468e-07 -4.18341e-06 7.17159e-07 0 0 0 0 0 0 0 0 0 0.422541 0.422541 1 0
70 95 0 0.212417 0.140728 0.966993 0.000148862 0.000148862 0 -6.90404e-06 -4.22843e-05 7.66938e-06 -6.90404e-06 -4.22843e-05 7.66938e-06 0 0 0 -6.81206e-07 2.5551e-06 -2.12586e-07 0 0 0 0 0 0 0 0 0 0.419382 0.419382 1 0
71 96 0 0.0659238 0.104324 0.992356 0.000359258 0.000359258 0 3.64726e-05 -5.39801e-05 2.66623e-06 3.64726e-05 -5.39801e-05 2.66623e-06 0 0 0 -1.2971e-06 1.28519e-06 -2.61875e-08 0 0 0 0 0 0 0 0 0 0.43853 0.43853 1 0
73 74 0 0.889879 -0.0132114 -0.456006 0.000419346 0.000419346 0 -1.19278e-05 -4.13552e-05 -2.20543e-05 -1.19278e-05 -4.13552e-05 -2.20543e-05 0 0 0 5.10893e-08 8.71814e-08 9.69469e-08 0 0 0 0 0 0 0 0 0 0.416012 0.416012 1 0
73 99 0 0.759573 -0.467716 0.451986 0.00105752 0.00105752 0 -3.21016e-05 -0.000131736 -8.33297e-05 -3.21016e-05 -0.000131736 -8.33297e-05 0 0 0 -8.04304e-07 1.71605e-06 3.14541e-06 0 0 0 0 0 0 0 0 0 0.419506 0.419506 1 0
73 107 0 -0.300802 0.596033 0.744489 0.000766952 0.000766952 0 -0.000202839 2.11256e-05 -9.9002e-05 -0.000202839 2.11256e-05 -9.9002e-05 0 0 0 1.17477e-05 8.6443e-06 -2.03363e-06 0 0 0 0 0 0 0 0 0 0.430617 0.430617 1 0
74 95 0 0.841455 -0.397741 0.365726 0.000198585 0.000198585 0 -5.20734e-06 -4.12104e-05 -3.28345e-05 -5.20734e-06 -4.12104e-05 -3.28345e-05 0 0 0 3.65296e-07 3.63712e-06 3.11837e-06 0 0 0 0 0 0 0 0 0 0.418471 0.418471 1 0
74 99 0 -0.12239 -0.445395 0.88693 0.00049483 0.00049483 0 4.76468e-06 -5.29503e-06 -2.05327e-06 4.76468e-06 -5.29503e-06 -2.05327e-06 0 0 0 -3.69676e-06 9.95777e-07 1.16396e-08 0 0 0 0 0 0 0 0 0 0.433395 0.433395 1 0
75 80 0 0.219458 0.711863 0.667151 0.000260238 0.000260238 0 -1.33677e-05 -3.47112e-05 4.14317e-05 -1.33677e-05 -3.47112e-05 4.14317e-05 0 0 0 5.1253e-07 3.7994e-06 -4.21793e-06 0 0 0 0 0 0 0 0 0 0.421175 0.421175 1 0
75 100 0 -0.655351 -0.0221307 0.755 0.000276571 0.000276571 0 -8.93726e-06 1.60601e-05 -7.23795e-06 -8.93726e-06 1.60601e-05 -7.23795e-06 0 0 0 -1.2328e-06 -1.51927e-06 -1.16781e-06 0 0 0 0 0 0 0 0 0 0.431493 0.431493 1 0
75 106 0 0.901385 0.0162311 0.432714 0.000793113 0.000793113 0 -3.38221e-05 -9.4777e-05 7.38322e-05 -3.38221e-05 -9.4777e-05 7.38322e-05 0 0 0 1.65518e-06 4.41102e-06 -3.57707e-06 0 0 0 0 0 0 0 0 0 0.422099 0.422099 1 0
75 120 0 -0.154395 -0.915438 0.371666 0.000395274 0.000395274 0 1.69489e-05 4.8111e-06 1.92608e-05 1.69489e-05 4.8111e-06 1.92608e-05 0 0 0 1.63818e-07 -2.00481e-07 -4.2145e-07 0 0 0 0 0 0 0 0 0 0.446312 0.446312 1 0
76 81 0 -0.502654 0.782396 0.367689 0.00173466 0.00173466 0 -3.134e-06 -1.94949e-05 3.58911e-05 -3.134e-06 -1.94949e-05 3.58911e-05 0 0 0 2.10956e-06 1.00604e-05 -1.83615e-05 0 0 0 0 0 0 0 0 0 0.426932 0.426932 1 0
76 107 0 0.522717 -0.311391 0.793601 0.00084979 0.00084979 0 0.000110393 -0.000189927 -0.000147235 0.000110393 -0.000189927 -0.000147235 0 0 0 -2.95514e-06 5.02526e-06 3.90643e-06 0 0 0 0 0 0 0 0 0 0.429516 0.429516 1 0
77 97 0 -0.849468 -0.479347 -0.220526 0.00022755 0.00022755 0 -1.05496e-05 3.91205e-05 -4.44078e-05 -1.05496e-05 3.91205e-05 -4.44078e-05 0 0 0 4.38457e-06 1.35174e-06 -1.94289e-05 0 0 0 0 0 0 0 0 0 0.433038 0.433038 1 0
77 98 0 0.0542301 -0.870119 -0.48985 0.000309894 0.000309894 0 -2.82182e-05 -2.71717e-07 -2.55145e-06 -2.82182e-05 -2.71717e-07 -2.55145e-06 0 0 0 -6.75416e-06 -3.24258e-06 4.92528e-06 0 0 0 0 0 0 0 0 0 0.454799 0.454799 1 0
77 99 0 0.899778 -0.0257017 -0.43559 0.000231731 0.000231731 0 2.44577e-05 -2.331e-06 5.06562e-05 2.44577e-05 -2.331e-06 5.06562e-05 0 0 0 -3.09612e-06 -3.71531e-07 -6.36411e-06 0 0 0 0 0 0 0 0 0 0.44944 0.44944 1 0
77 103 0 0.0528154 0.0817966 0.995249 0.000369634 0.000369634 0 7.0367e-05 9.0786e-06 -4.45262e-06 7.0367e-05 9.0786e-06 -4.45262e-06 0 0 0 5.5244e-07 -3.2958e-05 2.54866e-06 0 0 0 0 0 0 0 0 0 0.458068 0.458068 1 0
77 107 0 -0.117223 0.983367 -0.138738 0.000325226 0.000325226 0 -6.94714e-05 -1.09724e-05 -1.90793e-05 -6.94714e-05 -1.09724e-05 -1.90793e-05 0 0 0 3.1263e-07 7.24745e-08 2.49619e-07 0 0 0 0 0 0 0 0 0 0.463184 0.463184 1 0
78 107 0 -0.420837 -0.568814 0.706645 0.000430917 0.000430917 0 7.63224e-05 2.46715e-05 6.50093e-05 7.63224e-05 2.46715e-05 6.50093e-05 0 0 0 -2.99933e-05 -3.31097e-06 -1.91033e-05 0 0 0 0 0 0 0 0 0 0.436703 0.436703 1 0
79 84 0 0.464328 0.885617 0.00904018 0.000449848 0.000449848 0 -3.05863e-05 1.65929e-05 -3.96915e-05 -3.05863e-05 1.65929e-05 -3.96915e-05 0 0 0 -5.59297e-06 2.76887e-06 3.40652e-06 0 0 0 0 0 0 0 0 0 0.409967 0.409967 1 0
79 99 0 -0.144166 -0.988839 0.0375847 0.000569002 0.000569002 0 -2.48958e-05 1.40304e-06 -6.34616e-05 -2.48958e-05 1.40304e-06 -6.34616e-05 0 0 0 1.53412e-06 1.11742e-08 4.73229e-06 0 0 0 0 0 0 0 0 0 0.42481 0.42481 1 0
79 108 0 -0.415674 0.712202 0.56567 0.000177783 0.000177783 0 2.53669e-06 1.96449e-05 -2.28661e-05 2.53669e-06 1.96449e-05 -2.28661e-05 0 0 0 9.39683e-07 -2.36928e-07 9.87819e-07 0 0 0 0 0 0 0 0 0 0.421032 0.421032 1 0
80 81 0 0.623854 0.161951 -0.764577 0.000893826 0.000893826 0 -2.09413e-05 -2.50256e-05 -2.24657e-05 -2.09413e-05 -2.50256e-05 -2.24657e-05 0 0 0 -4.72424e-07 -7.63207e-06 -2.13171e-06 0 0 0 0 0 0 0 0 0 0.431405 0.431405 1 0
80 105 0 -0.328252 0.801018 0.50062 0.000189753 0.000189753 0 -4.65143e-05 -4.43232e-05 4.04087e-05 -4.65143e-05 -4.43232e-05 4.04087e-05 0 0 0 1.25936e-06 -1.44483e-07 1.06617e-06 0 0 0 0 0 0 0 0 0 0.417795 0.417795 1 0
81 83 0 0.879807 0.317669 0.353589 0.000160508 0.000160508 0 1.66563e-05 -4.59376e-06 -3.73226e-05 1.66563e-05 -4.59376e-06 -3.73226e-05 0 0 0 5.80654e-09 -4.25044e-08 2.38575e-08 0 0 0 0 0 0 0 0 0 0.436801 0.436801 1 0
81 85 0 -0.700784 0.713307 0.00977052 0.00083469 0.00083469 0 -1.78723e-05 -1.61577e-05 -0.00011714 -1.78723e-05 -1.61577e-05 -0.00011714 0 0 0 5.82871e-08 5.37868e-08 -1.20807e-06 0 0 0 0 0 0 0 0 0 0.439044 0.439044 1 0
81 86 0 0.331156 0.929882 -0.160171 0.00149928 0.00149928 0 -0.00010404 4.08514e-05 2.73063e-05 -0.00010404 4.08514e-05 2.73063e-05 0 0 0 -6.59066e-06 3.04551e-06 4.46574e-06 0 0 0 0 0 0 0 0 0 0.434965 0.434965 1 0
81 106 0 0.0470665 -0.844089 0.534134 0.000802551 0.000802551 0 -4.52018e-05 1.14534e-06 5.91115e-06 -4.52018e-05 1.14534e-06 5.91115e-06 0 0 0 -2.86312e-05 6.08974e-07 4.16951e-06 0 0 0 0 0 0 0 0 0 0.432398 0.432398 1 0
82 83 0 0.0303582 0.0986092 0.994663 0.000339256 0.000339256 0 -5.5562e-05 -2.84823e-05 4.53079e-06 -5.5562e-05 -2.84823e-05 4.53079e-06 0 0 0 5.54547e-06 -1.72818e-06 1.90521e-09 0 0 0 0 0 0 0 0 0 0.440079 0.440079 1 0
83 86 0 -0.567602 0.62983 -0.530228 0.000294747 0.000294747 0 2.48177e-05 -7.22253e-06 -3.51188e-05 2.48177e-05 -7.22253e-06 -3.51188e-05 0 0 0 -1.41899e-06 -6.18192e-07 7.84323e-07 0 0 0 0 0 0 0 0 0 0.417175 0.417175 1 0
83 112 0 0.442066 -0.145728 0.885065 0.00057302 0.00057302 0 3.76545e-05 2.33009e-06 -1.8434e-05 3.76545e-05 2.33009e-06 -1.8434e-05 0 0 0 -1.70087e-06 3.1258e-07 9.00443e-07 0 0 0 0 0 0 0 0 0 0.423253 0.423253 1 0
84 89 0 0.105919 0.887381 -0.448706 0.000631288 0.000631288 0 4.62424e-05 1.21796e-05 3.47671e-05 4.62424e-05 1.21796e-05 3.47671e-05 0 0 0 -2.56825e-07 -1.17998e-07 -2.87286e-07 0 0 0 0 0 0 0 0 0 0.406042 0.406042 1 0
84 100 0 0.210515 -0.58426 0.783788 0.000272531 0.000272531 0 7.81153e-06 1.84321e-06 -7.35503e-07 7.81153e-06 1.84321e-06 -7.35503e-07 0 0 0 -5.38331e-08 -2.35621e-09 1.26959e-08 0 0 0 0 0 0 0 0 0 0.417431 0.417431 1 0
85 89 0 -0.916303 -0.189229 -0.352961 0.000777626 0.000777626 0 -8.75493e-05 0.000183841 0.000128412 -8.75493e-05 0.000183841 0.000128412 0 0 0 1.01943e-05 -1.88051e-05 -1.60334e-05 0 0 0 0 0 0 0 0 0 0.413796 0.413796 1 0
85 91 0 0.413428 0.886449 0.208053 0.000715794 0.000715794 0 -0.000117313 4.84364e-05 2.45559e-05 -0.000117313 4.84364e-05 2.45559e-05 0 0 0 8.7936e-07 -3.9911e-07 -2.81356e-08 0 0 0 0 0 0 0 0 0 0.433384 0.433384 1 0
86 87 0 0.906744 0.389248 -0.162179 0.000739657 0.000739657 0 -2.92233e-05 3.45442e-05 -6.84085e-05 -2.92233e-05 3.45442e-05 -6.84085e-05 0 0 0 2.38815e-08 -2.77927e-08 6.14601e-08 0 0 0 0 0 0 0 0 0 0.415938 0.415938 1 0
86 91 0 -0.629936 0.67687 0.380825 0.000615828 0.000615828 0 3.41704e-05 8.06967e-05 -8.7444e-05 3.41704e-05 8.06967e-05 -8.7444e-05 0 0 0 -1.20147e-06 -6.13552e-06 9.05746e-06 0 0 0 0 0 0 0 0 0 0.429459 0.429459 1 0
87 98 0 -0.0149159 0.922478 0.38576 0.000108362 0.000108362 0 1.20211e-05 -8.45411e-06 2.06805e-05 1.20211e-05 -8.45411e-06 2.06805e-05 0 0 0 9.33045e-09 1.48063e-07 -3.53683e-07 0 0 0 0 0 0 0 0 0 0.431006 0.431006 1 0
88 93 0 -0.191391 0.97797 0.0833353 0.000382709 0.000382709 0 -2.41069e-05 -1.253e-05 8.90327e-05 -2.41069e-05 -1.253e-05 8.90327e-05 0 0 0 5.10409e-06 1.29383e-06 -2.38272e-06 0 0 0 0 0 0 0 0 0 0.413362 0.413362 1 0
88 108 0 -0.0426288 -0.983365 0.176569 0.000136133 0.000136133 0 5.18296e-05 -5.10197e-06 -1.59e-05 5.18296e-05 -5.10197e-06 -1.59e-05 0 0 0 -1.05174e-06 -1.11198e-07 -8.58086e-07 0 0 0 0 0 0 0 0 0 0.412723 0.412723 1 0
88 112 0 -0.538242 -0.3195 0.779882 0.000513498 0.000513498 0 3.52332e-05 6.02551e-05 4.89421e-05 3.52332e-05 6.02551e-05 4.89421e-05 0 0 0 8.51362e-06 -3.01461e-06 4.52677e-06 0 0 0 0 0 0 0 0 0 0.412113 0.412113 1 0
88 114 0 0.906328 0.401834 0.130764 0.000274236 0.000274236 0 1.89207e-05 -5.96139e-05 5.20425e-05 1.89207e-05 -5.96139e-05 5.20425e-05 0 0 0 -1.59459e-05 4.2421e-05 -1.98389e-05 0 0 0 0 0 0 0 0 0 0.409965 0.409965 1 0
90 91 0 0.970398 0.0304839 0.239579 7.70835e-05 7.70835e-05 0 1.14857e-06 7.23378e-06 -5.57293e-06 1.14857e-06 7.23378e-06 -5.57293e-06 0 0 0 -8.62017e-07 -6.61617e-06 4.4632e-06 0 0 0 0 0 0 0 0 0 0.447336 0.447336 1 0
90 114 0 -0.350978 -0.699723 0.622256 0.00080572 0.00080572 0 5.33982e-05 1.97848e-06 3.37293e-05 5.33982e-05 1.97848e-06 3.37293e-05 0 0 0 -2.15875e-06 1.2639e-06 4.04767e-07 0 0 0 0 0 0 0 0 0 0.435869 0.435869 1 0
91 92 0 0.936915 -0.0742614 0.341578 0.00038139 0.00038139 0 1.76067e-05 2.61369e-05 -4.24154e-05 1.76067e-05 2.61369e-05 -4.24154e-05 0 0 0 -1.06781e-06 -7.73101e-06 1.34365e-06 0 0 0 0 0 0 0 0 0 0.443292 0.443292 1 0
91 110 0 -0.701283 -0.0808576 0.708282 0.000206055 0.000206055 0 -3.75713e-05 1.63309e-05 -3.53438e-05 -3.75713e-05 1.63309e-05 -3.53438e-05 0 0 0 7.45465e-08 1.78005e-08 7.64697e-08 0 0 0 0 0 0 0 0 0 0.421168 0.421168 1 0
91 116 0 -0.523601 0.802283 0.286678 0.00131027 0.00131027 0 8.18664e-05 1.13117e-05 0.000113977 8.18664e-05 1.13117e-05 0.000113977 0 0 0 -6.94195e-06 -3.29718e-06 -2.88779e-06 0 0 0 0 0 0 0 0 0 0.449814 0.449814 1 0
92 93 0 0.995226 -0.0969077 -0.0115539 0.000412499 0.000412499 0 -6.7339e-06 -6.9835e-05 8.05752e-05 -6.7339e-06 -6.9835e-05 8.05752e-05 0 0 0 5.69264e-06 4.7865e-05 -9.30598e-06 0 0 0 0 0 0 0 0 0 0.43611 0.43611 1 0
92 98 0 0.533776 0.689015 -0.490247 0.000158057 0.000158057 0 -3.15858e-05 1.57438e-05 -1.22649e-05 -3.15858e-05 1.57438e-05 -1.22649e-05 0 0 0 -5.37389e-08 3.34329e-07 4.07599e-07 0 0 0 0 0 0 0 0 0 0.444549 0.444549 1 0
92 117 0 -0.696259 0.0286351 0.717219 0.000129368 0.000129368 0 8.43293e-06 -2.07279e-05 9.01664e-06 8.43293e-06 -2.07279e-05 9.01664e-06 0 0 0 -3.88346e-07 -7.05157e-09 -3.7797e-07 0 0 0 0 0 0 0 0 0 0.446452 0.446452 1 0
93 119 0 0.754122 0.20089 0.625255 0.000357328 0.000357328 0 2.54565e-05 8.25815e-05 -5.72417e-05 2.54565e-05 8.25815e-05 -5.72417e-05 0 0 0 -1.1185e-06 -2.02609e-05 7.92513e-06 0 0 0 0 0 0 0 0 0 0.443248 0.443248 1 0
93 123 0 -0.027552 0.893796 0.447627 0.000100571 0.000100571 0 1.4288e-05 7.683e-06 -1.44624e-05 1.4288e-05 7.683e-06 -1.44624e-05 0 0 0 1.50842e-07 5.25072e-08 -9.54489e-08 0 0 0 0 0 0 0 0 0 0.434007 0.434007 1 0
94 99 0 -0.125827 0.973154 0.192715 0.000855186 0.000855186 0 -1.67713e-07 1.32929e-06 -6.40813e-06 -1.67713e-07 1.32929e-06 -6.40813e-06 0 0 0 3.16852e-08 -2.20791e-08 1.38268e-07 0 0 0 0 0 0 0 0 0 0.431239 0.431239 1 0
94 115 0 0.377029 0.399389 0.835666 0.000228668 0.000228668 0 2.20929e-05 -5.24602e-05 1.51057e-05 2.20929e-05 -5.24602e-05 1.51057e-05 0 0 0 -2.29714e-06 2.34306e-06 -7.12872e-08 0 0 0 0 0 0 0 0 0 0.416669 0.416669 1 0
95 120 0 0.346069 0.290729 0.892027 0.000347205 0.000347205 0 -1.29088e-05 5.85434e-05 -1.41626e-05 -1.29088e-05 5.85434e-05 -1.41626e-05 0 0 0 4.58554e-07 -3.4428e-07 -6.32137e-08 0 0 0 0 0 0 0 0 0 0.431686 0.431686 1 0
96 97 0 0.693473 -0.0971846 0.713898 0.000294417 0.000294417 0 3.14899e-05 5.68963e-05 -2.28559e-05 3.14899e-05 5.68963e-05 -2.28559e-05 0 0 0 1.81774e-06 -8.45771e-07 -1.84332e-06 0 0 0 0 0 0 0 0 0 0.422295 0.422295 1 0
96 116 0 -0.432063 -0.310539 0.846692 0.00023524 0.00023524 0 -7.38659e-05 2.82678e-05 -2.73257e-05 -7.38659e-05 2.82678e-05 -2.73257e-05 0 0 0 3.61118e-05 -1.89214e-05 1.16654e-05 0 0 0 0 0 0 0 0 0 0.446016 0.446016 1 0
97 122 0 0.336831 -0.30828 0.889668 0.000106069 0.000106069 0 -3.91306e-06 -8.97137e-06 -1.62633e-06 -3.91306e-06 -8.97137e-06 -1.62633e-06 0 0 0 6.4237e-06 1.0114e-05 9.75351e-07 0 0 0 0 0 0 0 0 0 0.434378 0.434378 1 0
99 115 0 0.501053 -0.59054 0.63262 0.00128315 0.00128315 0 9.0701e-05 0.000169727 8.57747e-05 9.0701e-05 0.000169727 8.57747e-05 0 0 0 5.62318e-07 -1.75481e-07 -6.04381e-07 0 0 0 0 0 0 0 0 0 0.422173 0.422173 1 0
101 120 0 -0.389158 -0.580602 -0.715163 0.000255933 0.000255933 0 -3.92206e-05 9.89895e-06 1.32546e-05 -3.92206e-05 9.89895e-06 1.32546e-05 0 0 0 1.02736e-07 4.40584e-08 -9.60059e-08 0 0 0 0 0 0 0 0 0 0.446184 0.446184 1 0
102 103 0 0.735871 -0.544554 0.402437 0.000541865 0.000541865 0 5.91776e-07 -1.21094e-05 -1.76506e-05 5.91776e-07 -1.21094e-05 -1.76506e-05 0 0 0 -2.28073e-06 2.28354e-06 7.5682e-06 0 0 0 0 0 0 0 0 0 0.449867 0.449867 1 0
102 106 0 -0.400199 0.632988 -0.662696 0.00131553 0.00131553 0 -0.000147176 -7.45329e-05 2.01934e-05 -0.000147176 -7.45329e-05 2.01934e-05 0 0 0 8.63933e-08 -2.34551e-08 -7.21185e-08 0 0 0 0 0 0 0 0 0 0.427569 0.427569 1 0
102 107 0 0.558784 0.372556 -0.74092 0.00136462 0.00136462 0 4.89774e-05 -0.000128468 -2.66993e-05 4.89774e-05 -0.000128468 -2.66993e-05 0 0 0 1.04596e-06 -1.06753e-06 2.72254e-07 0 0 0 0 0 0 0 0 0 0.45471 0.45471 1 0
102 121 0 -0.666905 -0.740305 -0.0847732 0.00102032 0.00102032 0 -9.20383e-06 3.68215e-05 -0.000234491 -9.20383e-06 3.68215e-05 -0.000234491 0 0 0 -1.11647e-05 1.32491e-05 -2.95013e-05 0 0 0 0 0 0 0 0 0 0.446587 0.446587 1 0
103 124 0 0.966261 -0.25681 -0.0197201 0.000484047 0.000484047 0 1.14288e-05 3.92627e-05 4.96488e-05 1.14288e-05 3.92627e-05 4.96488e-05 0 0 0 7.14669e-07 2.15616e-06 3.81749e-06 0 0 0 0 0 0 0 0 0 0.458852 0.458852 1 0
105 110 0 -0.0410409 0.936221 -0.349007 6.53358e-06 6.53358e-06 0 8.92385e-07 -5.84225e-07 -1.67212e-06 8.92385e-07 -5.84225e-07 -1.67212e-06 0 0 0 -9.62291e-08 -5.33206e-08 -1.31717e-07 0 0 0 0 0 0 0 0 0 0.413205 0.413205 1 0
105 114 0 -0.703061 0.25654 -0.663244 0.00022347 0.00022347 0 3.57095e-05 1.07286e-05 -3.37206e-05 3.57095e-05 1.07286e-05 -3.37206e-05 0 0 0 -1.83296e-07 -2.21244e-07 1.08855e-07 0 0 0 0 0 0 0 0 0 0.424883 0.424883 1 0
107 108 0 0.764367 0.608878 0.212158 0.000904408 0.000904408 0 2.86389e-05 -5.86304e-05 7.48096e-05 2.86389e-05 -5.86304e-05 7.48096e-05 0 0 0 -2.06164e-07 -2.06348e-07 2.53735e-06 0 0 0 0 0 0 0 0 0 0.445501 0.445501 1 0
108 109 0 0.739814 0.501551 0.448466 0.00092277 0.00092277 0 1.19229e-05 3.6519e-05 -6.1307e-05 1.19229e-05 3.6519e-05 -6.1307e-05 0 0 0 -5.43544e-07 4.13225e-06 -3.40644e-06 0 0 0 0 0 0 0 0 0 0.430445 0.430445 1 0
109 113 0 -0.504778 0.756099 0.416549 0.000259969 0.000259969 0 1.74613e-05 5.16835e-05 -7.26495e-05 1.74613e-05 5.16835e-05 -7.26495e-05 0 0 0 -6.07623e-07 -1.29513e-06 1.61522e-06 0 0 0 0 0 0 0 0 0 0.417821 0.417821 1 0
109 114 0 0.18068 0.849288 -0.496048 0.000810575 0.000810575 0 -0.000104464 6.41272e-05 7.28097e-05 -0.000104464 6.41272e-05 7.28097e-05 0 0 0 1.58466e-06 -9.11245e-08 3.43316e-07 0 0 0 0 0 0 0 0 0 0.427319 0.427319 1 0
110 119 0 -0.954707 0.111706 0.275784 0.000203229 0.000203229 0 1.25743e-05 -1.74992e-05 5.06013e-05 1.25743e-05 -1.74992e-05 5.06013e-05 0 0 0 -8.54543e-07 -2.17193e-06 -2.06783e-06 0 0 0 0 0 0 0 0 0 0.426215 0.426215 1 0
112 113 0 0.74255 0.609987 0.276649 0.000292715 0.000292715 0 2.83326e-05 -6.85894e-06 -6.09313e-05 2.83326e-05 -6.85894e-06 -6.09313e-05 0 0 0 -7.69852e-06 9.45078e-06 -8.84659e-08 0 0 0 0 0 0 0 0 0 0.416078 0.416078 1 0
113 119 0 0.379856 0.871706 -0.309578 0.000553916 0.000553916 0 -5.40346e-05 4.91506e-05 7.21074e-05 -5.40346e-05 4.91506e-05 7.21074e-05 0 0 0 1e-07 -3.59512e-08 2.13699e-08 0 0 0 0 0 0 0 0 0 0.428783 0.428783 1 0
114 119 0 -0.290769 0.757834 0.584072 0.000311766 0.000311766 0 4.93161e-05 7.31109e-05 -7.03077e-05 4.93161e-05 7.31109e-05 -7.03077e-05 0 0 0 1.61218e-05 1.56099e-05 -9.76549e-06 0 0 0 0 0 0 0 0 0 0.439067 0.439067 1 0
115 116 0 0.966975 -0.0948549 -0.236562 0.00139713 0.00139713 0 4.64009e-05 7.25232e-05 0.000170356 4.64009e-05 7.25232e-05 0.000170356 0 0 0 3.40874e-06 -6.13427e-05 2.03224e-05 0 0 0 0 0 0 0 0 0 0.429845 0.429845 1 0
115 119 0 -0.136817 -0.886893 0.44125 0.000921184 0.000921184 0 -0.000131951 -1.46637e-05 -7.07192e-05 -0.000131951 -1.46637e-05 -7.07192e-05 0 0 0 5.1598e-06 7.5636e-07 3.1445e-06 0 0 0 0 0 0 0 0 0 0.430701 0.430701 1 0
115 123 0 -0.945673 -0.198227 0.2577 0.000204357 0.000204357 0 4.59419e-06 -3.31376e-05 -8.63067e-06 4.59419e-06 -3.31376e-05 -8.63067e-06 0 0 0 -7.03745e-08 2.43392e-07 -7.08621e-08 0 0 0 0 0 0 0 0 0 0.422207 0.422207 1 0
115 124 0 -0.355262 0.423579 0.833289 0.000950472 0.000950472 0 0.000228852 1.35501e-05 9.20638e-05 0.000228852 1.35501e-05 9.20638e-05 0 0 0 -3.86927e-06 -2.75645e-05 1.3217e-05 0 0 0 0 0 0 0 0 0 0.433679 0.433679 1 0
116 120 0 -0.159897 0.986876 -0.0225734 0.000255966 0.000255966 0 -7.02048e-06 1.19855e-06 0.000102138 -7.02048e-06 1.19855e-06 0.000102138 0 0 0 -4.75021e-07 -1.08589e-07 -1.23014e-06 0 0 0 0 0 0 0 0 0 0.457333 0.457333 1 0
116 121 0 0.57931 0.574335 0.578393 0.00102415 0.00102415 0 7.23454e-05 0.000115727 -0.000187418 7.23454e-05 0.000115727 -0.000187418 0 0 0 5.30047e-06 -4.4666e-06 -9.86361e-07 0 0 0 0 0 0 0 0 0 0.45094 0.45094 1 0
117 122 0 0.658607 0.75088 -0.0491431 7.67343e-05 7.67343e-05 0 3.09587e-06 -4.69035e-06 -3.01748e-05 3.09587e-06 -4.69035e-06 -3.01748e-05 0 0 0 -6.3728e-08 4.03219e-07 5.21713e-06 0 0 0 0 0 0 0 0 0 0.458411 0.458411 1 0
122 123 0 0.971315 -0.0112176 -0.237533 0.000202991 0.000202991 0 -1.35697e-06 -1.31156e-05 -3.13038e-06 -1.35697e-06 -1.31156e-05 -3.13038e-06 0 0 0 -2.86056e-07 -7.03729e-06 8.76188e-07 0 0 0 0 0 0 0 0 0 0.45098 0.45098 1 0
123 124 0 0.558784 0.604237 0.568031 2.87893e-05 2.87893e-05 0 2.58075e-06 -8.86109e-06 6.88714e-06 2.58075e-06 -8.86109e-06 6.88714e-06 0 0 0 1.08328e-08 -6.51486e-09 -3.72658e-09 0 0 0 0 0 0 0 0 0 0.450221 0.450221 1 0

