PBC3D 06-05-2021
t 0
tmax 0.1
dt 1e-06
interVerlet 1e-06
interOut 0.001
interConf 0.001
dVerlet 0.0075
density 970
kn 1e+06
kt 400000
kr 0
dampRate 0.98
mu 0.5
mur 0
fcoh 0
fn0 0
ft0 0
mom0 0
dn0 0
dt0 0
drot0 0
powSurf 2
zetaMax 1
permamentGluer 0
numericalDampingCoeff 0
Kratio 1
iconf 0
h 0.0284564 0 0 0 0.0295734 0 0 0 0.0274039
vh 7.75803e-08 0 0 0 4.87504e-07 0 0 0 -5.74164e-07
ah -0.000121419 0 0 0 0.00233558 0 0 0 -0.00207964
hmass 0.0130702
hvelGrad 2.72629e-06 0 0 0 1.64845e-05 0 0 0 -2.09519e-05
hstrain -0.563651 0 0 0 -0.525147 0 0 0 -0.601338
Sig 30000 -249.777 -334.16 -249.777 30000 -895.443 -334.16 -895.443 30000
enableSwitch 1
Load IsostaticCompression 30000
interVerletC 1e-06
interOutC 0.001
interConfC 0.001
nbBonds 0
nbActiveInteractions 251
nbBondsini 0
porosityini 0
tensfailure 0
fricfailure 0
Particles 125
0.469099 0.578081 0.829098 0.00753912 0.0038794 -0.0459337 0 0 0 0.864143 0.226698 0.335364 0.298991 2.47997 0.622335 0.886714 0 0 0 0.00297838 3.80908e-10 0.00010735
0.370122 0.728519 0.732654 -0.00649022 -0.00468011 -0.000843405 -0.00441417 0.00342158 -0.021917 0.891331 0.0911448 -0.174718 0.408284 4.25742e-06 0.000305272 -3.60005e-05 0.110365 0.0385662 -0.233499 0.00290026 3.33509e-10 9.91226e-05
0.740035 0.734342 0.839035 -0.00647165 -0.00467559 -0.000836109 0.00776268 0.0219657 0.0116913 0.858213 0.0253114 0.511354 -0.0367042 0.000397988 0.000124013 -9.87274e-05 0.142228 0.377797 -0.126071 0.00290181 3.34397e-10 9.92808e-05
0.692237 0.792953 0.457979 -0.00646227 -0.00468107 -0.000841404 0.00374854 -0.0125253 -0.0145591 0.767627 -0.228277 -0.594034 0.0759036 0.000276061 -3.45062e-05 -0.000124666 0.210793 0.0450274 -0.171896 0.0029507 3.63533e-10 0.000104384
0.18839 0.578723 0.433086 -0.00647994 -0.00467032 -0.000855789 0.000791806 -0.014188 -0.0120714 0.781487 -0.506496 0.207586 -0.299414 -1.93291e-06 0.000222067 0.000243684 0.0398894 0.0674767 0.125709 0.00295563 3.66579e-10 0.000104908
0.42138 0.427426 0.693764 -0.00647383 -0.00467564 -0.000848441 0.00387131 0.00147876 -0.000511345 0.690846 0.307445 -0.501959 0.419818 -1.1355e-05 2.06032e-05 -9.24852e-05 -0.112811 0.0316509 -0.166142 0.0029454 3.60281e-10 0.000103823
0.192571 0.423832 0.297375 -0.00647696 -0.00467835 -0.000846954 -0.0026288 -0.00812606 -0.011276 0.368302 -0.476512 -0.727597 -0.328472 1.16268e-05 -0.000111312 -0.000153452 0.0586603 -0.0317478 -0.047924 0.00294661 3.61023e-10 0.000103951
0.916144 0.492296 0.446874 -0.00646175 -0.00466872 -0.000830675 0.00531172 2.99996e-05 0.0134506 0.976293 -0.103621 0.0458975 -0.184412 9.88662e-06 -0.000240717 0.000602624 0.100926 -0.264987 0.286088 0.00293565 3.54355e-10 0.000102795
0.887657 0.203947 0.212705 -0.00647536 -0.00468424 -0.000853714 0.000928968 -0.0122978 -0.00305122 0.852108 0.336872 -0.31216 -0.250968 -0.000323339 -0.000275406 -0.000105381 -0.637543 -0.568485 -0.0770363 0.00297599 3.79384e-10 0.000107092
0.591098 0.675168 0.972378 -0.006481 -0.00466633 -0.000851588 -0.0103236 0.017522 -0.0112928 0.576561 0.555378 0.33077 -0.499724 -0.0002514 0.000106387 0.000106455 -0.129098 2.60156e-05 -0.0450677 0.0029635 3.71488e-10 0.000105749
0.410764 0.250393 0.79007 -0.00647599 -0.00467582 -0.000849953 0.0132904 0.00281957 -0.0122181 0.509428 0.517808 0.313408 0.611664 -2.5493e-05 9.50465e-05 5.64097e-05 -0.0687619 0.112404 -0.00371548 0.00292661 3.48936e-10 0.000101849
0.958697 0.700766 0.0145966 0.346399 -0.0145519 0.207571 0 0 0 0.675154 0.195228 -0.159475 0.693268 18.1982 5.82706 1.77058 0 0 0 0.00298417 3.84624e-10 0.000107977
0.0368201 0.956499 0.554278 -0.0097251 -0.00923044 -0.00319322 0.0186934 0.0340876 -0.0417141 0.702062 0.555249 0.41403 0.165488 0.0630184 -0.0977695 0.11464 -0.250965 -0.700123 -0.181905 0.00295804 3.68079e-10 0.000105165
0.409674 0.918813 0.683998 -0.00648483 -0.00467709 -0.000838112 0.0057613 -0.00254533 -0.0212316 0.981833 -0.157759 0.00646329 0.105238 -3.64929e-05 7.48601e-05 -6.23621e-05 -0.207559 -0.201476 0.336237 0.00299291 3.90294e-10 0.000108929
0.220966 0.874971 0.605669 -0.00647097 -0.00467346 -0.000843307 0.0159758 -0.00868979 -0.00161364 0.696224 0.436791 -0.455026 0.342691 2.03018e-05 0.00023179 -8.47758e-05 -0.312012 -0.0560614 0.0549769 0.00292284 3.46693e-10 0.000101455
0.853879 0.543858 0.867867 -0.0224948 0.035811 0.019453 0 0 0 0.536675 -0.263605 0.463051 -0.654275 -0.572298 -0.106131 -0.0305239 0 0 0 0.0029741 3.7818e-10 0.000106888
0.0973974 0.401871 0.48843 -0.00647374 -0.00469878 -0.000846739 0.0018922 -0.00628994 -0.00152934 0.988983 -0.0791723 0.118092 0.0412046 8.80578e-06 5.43816e-05 -0.000270387 0.0712039 -0.0289955 -0.131846 0.00298794 3.87064e-10 0.000108387
0.568466 0.111968 0.754292 -0.00648411 -0.00468069 -0.000839772 0.00542859 0.0154368 0.00895954 0.853993 0.387784 -0.28101 -0.203354 -0.000122431 3.10786e-05 5.45869e-06 -0.216764 0.12507 -0.0756392 0.00290607 3.36861e-10 9.97192e-05
0.726565 0.299747 0.846517 -0.006476 -0.00466787 -0.000847999 0.0117845 0.0411806 0.0168879 0.403462 0.703613 -0.283461 0.511661 -5.47359e-05 -4.19677e-05 -0.000175816 0.205458 0.00726489 -0.0195514 0.00291527 3.42228e-10 0.000100669
0.132308 0.743813 0.899593 -0.00651518 -0.00469268 -0.000849489 -0.0110688 -0.0113219 -0.0146741 0.282651 0.179869 -0.829157 0.447497 1.63462e-05 0.000292217 -0.000656517 -0.0289653 0.0980117 -0.0309072 0.00291514 3.42151e-10 0.000100656
0.5953 0.296707 0.680512 -0.00648643 -0.0046816 -0.000841893 -0.000421712 0.00965953 0.0111781 0.542908 0.149704 -0.320972 0.761457 7.80361e-05 -7.74006e-05 -2.85562e-05 0.171396 -0.139398 0.00615249 0.00297284 3.77379e-10 0.000106752
0.261103 0.557557 0.810223 -0.00651209 -0.00467344 -0.00084439 0.00148256 -0.00017541 0.00120388 0.483258 -0.796522 0.226375 0.284197 8.12073e-05 0.000462026 -0.000178037 0.051676 0.0200011 -0.107903 0.00298303 3.8389e-10 0.000107853
0.968419 0.265657 0.402948 -0.00650465 -0.00468239 -0.000829905 -0.0129055 0.0051922 0.0207222 0.813794 0.24563 -0.158286 -0.502346 0.000153618 -0.000100755 0.0006848 0.173705 -0.0223319 0.362812 0.0029475 3.61568e-10 0.000104045
0.975404 0.754273 0.254218 -0.00646527 -0.00468297 -0.000814226 -0.000459135 -0.03186 0.00084315 0.888603 0.420607 -0.0376536 -0.179043 -0.00156521 -0.000288668 -5.88077e-05 -0.427702 -0.0342105 -0.0526995 0.00299948 3.94594e-10 0.000109647
0.393061 0.0602588 0.853425 -0.00648719 -0.0046733 -0.000847901 -0.00417298 0.0134301 -0.0127295 0.675099 0.364269 -0.221601 -0.602032 5.65869e-05 3.12759e-05 2.66254e-05 -0.00913683 0.0551478 0.116551 0.00298093 3.8254e-10 0.000107625
0.311869 0.583715 0.259118 -0.00648292 -0.00466995 -0.000851701 -0.0162306 -0.00524154 -0.0231683 0.917457 0.29089 0.0610785 0.264432 -0.000202032 -0.000149534 3.88771e-05 -0.180231 -0.188173 -0.112967 0.00297072 3.76036e-10 0.000106524
0.916412 0.88443 0.0940716 0.0035376 -0.0114364 0.00422193 0 0 0 0.592791 -0.648706 -0.245363 0.409361 -0.717272 -0.195876 0.525159 0 0 0 0.00298776 3.86946e-10 0.000108367
0.18657 0.616218 0.0647659 -0.00652116 -0.00467167 -0.000840474 -0.0103836 -0.00489327 -0.00080604 0.916743 -0.16006 0.360032 0.0658736 -2.9059e-05 0.000289499 -0.000484089 -0.00610914 0.0934637 -0.0700159 0.00294681 3.61147e-10 0.000103973
0.783733 0.353802 0.374802 -0.006486 -0.00464591 -0.000837829 -0.00254006 0.0155272 0.011709 -0.8826 -0.423474 0.192429 -0.0682442 -0.000128116 0.000163741 -0.000288095 -0.180906 0.131826 -0.209661 0.00297095 3.76178e-10 0.000106548
0.0758591 0.932655 0.946062 -0.00648605 -0.00466492 -0.0008457 0.00396152 -0.00463523 -0.0104602 0.868195 0.388428 0.30258 0.0616947 -7.04393e-05 -4.44177e-05 -6.41505e-05 -0.15175 0.109787 0.176172 0.00299216 3.89802e-10 0.000108846
0.627185 0.251523 0.471851 -0.00647291 -0.00469944 -0.000838022 0.00147344 -0.0399781 0.0150063 0.683237 -0.0403347 -0.701335 0.199222 0.000134741 0.000223426 9.68221e-05 0.422166 0.185772 -0.0275833 0.00297053 3.75918e-10 0.000106504
0.0287339 0.257668 0.0451149 -0.00648345 -0.00467009 -0.000843623 0.0211829 -0.016153 0.00664665 0.866657 0.0903678 0.0199683 -0.490246 -6.10134e-06 -2.01442e-06 -5.42867e-05 0.27812 0.139534 -0.315601 0.0029227 3.46611e-10 0.000101441
0.849558 0.53125 0.648973 -0.00647791 -0.00468729 -0.00084103 -0.00334175 0.0119264 0.0117516 0.974418 -0.109346 -0.154813 0.120773 0.000253446 -0.000103553 -9.13407e-06 0.454587 -0.188405 0.0156054 0.0029927 3.90154e-10 0.000108905
0.78759 0.679132 0.309622 -0.00647357 -0.00469146 -0.000850232 -0.000310222 -0.0207578 -0.0119632 0.973951 0.153591 -0.161083 0.0433861 -0.00020304 -3.42138e-05 0.000297632 -0.0742993 -0.00773595 0.241252 0.00298815 3.87197e-10 0.00010841
0.467457 0.46903 0.188991 -0.00648378 -0.00466546 -0.000860004 -0.00806499 0.00728058 -0.0169437 0.820403 0.389271 0.00259034 -0.418808 0.000175993 7.90593e-05 -4.17757e-05 0.468095 0.149871 -0.110756 0.00292962 3.50734e-10 0.000102163
0.543536 0.39164 0.864394 -0.00647723 -0.00467647 -0.000842645 0.000775306 0.016292 0.00715553 0.878223 0.246288 -0.0822305 -0.401628 -2.76738e-05 1.41939e-05 0.000105731 -0.0268155 0.0529003 -0.211776 0.00298222 3.83371e-10 0.000107765
0.877578 0.0104074 0.265846 -0.00647808 -0.00468396 -0.000861536 -0.00786023 -0.00472344 0.000221878 0.987308 0.0543431 0.123649 -0.0835503 0.000215677 -0.000357865 0.000351582 0.618778 -0.193885 0.31977 0.00294094 3.57564e-10 0.000103352
0.517414 0.78696 0.344248 -0.00646221 -0.00468451 -0.000842726 -0.00997115 -0.022234 0.00860316 0.057718 0.787064 0.44651 -0.421697 -0.000220558 2.9608e-05 0.000101463 -0.143923 -0.330445 0.0945967 0.00292274 3.46633e-10 0.000101445
0.422362 0.290572 0.321016 -0.00647844 -0.00466806 -0.000845594 0.00267761 -0.00133379 0.00850701 -0.765189 -0.603632 0.00392861 0.223827 3.88685e-05 6.93196e-07 7.54835e-05 0.022723 0.00542744 0.0373323 0.002975 3.78755e-10 0.000106985
0.318 0.579034 0.602438 -0.00648354 -0.0046822 -0.000843731 0.00341996 -0.01131 -0.00751749 0.849587 0.471836 -0.229913 -0.0520921 6.54541e-05 -0.000153414 2.89373e-05 0.135792 -0.0399808 0.0922207 0.00297307 3.77527e-10 0.000106777
0.0687366 0.934893 0.256134 -0.0064693 -0.00466529 -0.000845932 -0.0153693 -0.0237618 0.00418047 0.907615 -0.417193 0.0465249 -0.00439421 -0.000296475 0.000493768 -0.000520085 -0.172008 0.0245136 -0.0800875 0.00295192 3.64284e-10 0.000104513
0.357942 0.930146 0.233309 -0.00631438 -0.00238033 -0.000376727 -0.00512151 0.00358211 -0.0213597 0.544449 0.33151 0.587558 -0.49845 -0.0670439 -0.00324605 0.0423893 -0.376845 0.23621 -0.562442 0.00290087 3.33858e-10 9.91848e-05
0.472318 0.834856 0.00661416 -0.00649953 -0.00468594 -0.000834909 -0.0173085 0.00678877 0.00169211 0.495197 0.294197 0.173328 0.798865 -0.000219909 0.000226847 -0.000321392 -0.00258326 0.0160726 -0.026221 0.00291994 3.44977e-10 0.000101154
0.0491325 0.566505 0.273225 -0.00647324 -0.004689 -0.000883167 -0.00426568 -0.0206368 -0.0198473 0.877612 -0.28759 -0.320913 -0.21001 0.000827192 -5.9522e-05 0.000240179 0.259124 -0.150797 0.088458 0.0029649 3.72367e-10 0.000105899
0.125516 0.23434 0.61242 -0.00647978 -0.00467595 -0.000843438 -0.00341205 -0.000769092 0.0285943 0.791591 -0.00262496 0.51926 0.322095 2.33168e-05 -2.54555e-05 7.74878e-05 0.455019 0.151663 -0.00440295 0.00298967 3.88183e-10 0.000108575
0.731656 0.142844 0.615763 0.119685 0.0371417 -0.0445724 0 0 0 0.66298 0.530903 -0.0945238 -0.519292 5.41519 -16.8847 -5.3727 0 0 0 0.00290751 3.37699e-10 9.98679e-05
0.684408 0.935366 0.743285 -0.00652093 -0.00462867 -0.000848754 0.00499445 0.00272794 0.00801871 0.761497 0.0349232 0.566917 0.312263 -0.000863045 -0.000259033 -6.80323e-05 -0.043974 0.12648 0.285916 0.00295538 3.66428e-10 0.000104882
0.139166 0.423034 0.0682925 -0.00648362 -0.00467533 -0.000844032 -0.0054153 -0.00288296 -0.0079096 0.609806 0.0688847 0.388818 -0.687177 -7.36151e-07 -0.000101049 5.4261e-05 -0.0758011 -0.0276111 -0.00649536 0.0029264 3.4881e-10 0.000101827
0.927495 0.327609 0.875801 -0.00648078 -0.00465286 -0.000837671 0.0180152 0.0110232 0.0152705 0.75744 0.630948 0.135973 -0.0984901 -0.000285264 7.95865e-05 -2.57267e-05 -0.738604 -0.142909 0.240968 0.00291999 3.45005e-10 0.000101159
0.50149 0.105795 0.404566 -0.00647106 -0.00468805 -0.000855837 0.0102151 -0.0299993 0.0014884 0.505262 -0.659651 0.425114 0.358955 -0.000192514 1.48595e-05 -2.24509e-06 -0.371152 0.0258265 0.00784274 0.00292622 3.487e-10 0.000101807
0.353784 0.503905 0.0151497 0.136435 0.136732 -0.100684 0 0 0 -0.216341 0.804787 0.197093 0.516399 -2.30205 17.6707 12.6075 0 0 0 0.00290016 3.33452e-10 9.91125e-05
0.894181 0.00318041 0.71906 -0.00649152 -0.00466863 -0.000844153 -0.00115108 0.00230897 -0.0129635 0.129505 0.471807 0.679668 0.546515 0.000153703 3.6636e-06 0.000162755 0.0320995 0.253177 -0.0455657 0.00296467 3.72222e-10 0.000105874
0.547161 0.428419 0.41045 -0.00647941 -0.00466824 -0.000841153 0.00106897 0.00585699 -0.00133631 0.712904 0.22992 0.157263 -0.643562 -5.05573e-05 -5.60726e-06 -8.27776e-05 0.227005 0.0328375 -0.113016 0.00296134 3.70138e-10 0.000105518
0.973772 0.674443 0.763408 0.00877887 0.00600397 0.0146354 0 0 0 0.96648 -0.0013626 0.11882 0.227589 1.30233 -3.91779 3.2289 0 0 0 0.00292065 3.45399e-10 0.000101228
0.710992 0.148122 0.309122 -0.00647204 -0.00469767 -0.000845381 0.0113532 -0.0390249 0.0143362 0.753517 0.0803536 -0.543957 0.36037 -0.000360064 8.40688e-06 0.000278002 -0.500381 0.0925743 0.324744 0.00294197 3.5819e-10 0.000103461
0.0923048 0.106507 0.372895 -0.00648137 -0.00465415 -0.000846132 -0.00947041 0.0371744 0.048625 0.752044 -0.391658 -0.522187 0.0913984 0.000152302 -0.000120146 0.00058439 -0.173308 0.0758405 0.311384 0.0029572 3.67554e-10 0.000105075
0.0651814 0.532874 0.881631 -0.0217899 -0.0700887 -0.0641327 0 0 0 0.578422 0.674914 -0.137102 0.437176 2.23 0.905074 -1.49752 0 0 0 0.00296943 3.75221e-10 0.000106385
0.180055 0.735874 0.298963 -0.00646549 -0.00466681 -0.000849805 -0.00150457 -0.0123296 0.00129338 0.804331 0.0537695 -0.354466 0.473829 -7.75291e-05 0.000107844 -0.000388147 -0.261671 0.0742366 -0.275025 0.00297774 3.80503e-10 0.000107281
0.510993 0.667389 0.17221 -0.00647279 -0.0046782 -0.000847024 -0.0107298 -0.00892883 -0.00239731 0.0838744 -0.634107 0.405116 0.653265 0.000162554 -0.000152196 -0.000110624 0.0429059 0.0571868 -0.341269 0.0029754 3.79006e-10 0.000107028
0.240233 0.928571 0.811525 -0.00648874 -0.00466719 -0.000843807 0.0154382 -0.000142816 0.0022166 0.323983 0.0682431 0.748245 -0.574898 7.1036e-05 1.43145e-05 0.000101379 0.3419 0.0587033 -0.34457 0.0029725 3.77162e-10 0.000106715
0.65851 0.592385 0.449659 -0.00647903 -0.00467517 -0.000841935 -0.00804573 0.00197861 0.00633464 0.85992 -0.112346 -0.164948 0.469796 0.00021835 -4.89133e-05 -3.25653e-05 0.27661 0.0744386 -0.135612 0.00291503 3.42088e-10 0.000100645
0.876994 0.679283 0.504338 -0.0064649 -0.00465873 -0.000858192 0.0280284 -0.00153508 -0.0109848 0.404053 0.59576 0.567222 -0.400087 0.000417534 -6.36438e-05 -0.000730707 0.304981 -0.293597 -0.211795 0.00292421 3.47506e-10 0.000101598
0.0122857 0.422521 0.712129 -0.00647386 -0.00465626 -0.00083821 0.00402026 0.0243943 0.0162549 0.631058 0.313193 -0.449669 -0.549066 0.000228623 -0.000110461 0.000191865 0.298262 -0.19669 0.00624214 0.00290093 3.33892e-10 9.91908e-05
0.294944 0.103072 0.318247 0.0170861 -0.0231763 0.0992018 0 0 0 0.40116 -0.481989 -0.152346 0.763903 37.0061 -113.065 -48.02 0 0 0 0.00299031 3.88601e-10 0.000108645
0.698701 0.847768 0.00988024 -0.00648421 -0.00467241 -0.000838481 -0.0116846 0.0193538 0.0112854 0.573009 0.183876 0.391313 0.696221 -0.000280924 -0.000247628 -0.000243559 -0.0018351 -0.208398 0.00269829 0.00297746 3.80322e-10 0.00010725
0.326027 0.752959 0.148308 -0.00646385 -0.00466622 -0.000843463 0.000725392 -0.000607549 0.000483834 0.492017 0.536416 0.0205867 -0.685386 9.87837e-05 -3.61332e-05 0.000304522 -0.131697 -0.0343164 0.495237 0.00290365 3.35463e-10 9.94706e-05
0.313074 0.342969 0.145634 -0.00647952 -0.00467057 -0.000851119 0.000697563 -0.00401262 -0.00534172 0.82564 -0.349744 0.364561 0.251184 5.42309e-05 -2.7705e-07 -7.09341e-06 0.0289521 0.0576749 0.00715462 0.00295584 3.66712e-10 0.000104931
0.574805 0.00685998 0.573851 -0.00647671 -0.00463579 -0.000874657 -0.00160887 0.0069091 0.0030435 0.102308 0.18119 0.176884 -0.961985 -0.000298793 -0.000338352 -0.000555424 0.391723 -0.00589271 0.279384 0.00294021 3.57121e-10 0.000103276
0.40438 0.112908 0.623019 -0.00648594 -0.00467501 -0.00083934 0.00516721 0.00581358 0.0122355 0.871639 0.35043 0.33318 -0.0802225 6.70362e-05 -1.75925e-06 8.51039e-05 -0.180455 -0.191743 -0.242038 0.00299065 3.88818e-10 0.000108682
0.421845 0.0433814 0.0676446 -0.0064706 -0.00466698 -0.000849033 0.0194408 0.0154992 -0.00210671 0.847708 -0.400408 0.311875 -0.154267 -1.43141e-05 -0.000164641 -1.76503e-05 0.012641 -0.280659 -0.0979971 0.00296969 3.75381e-10 0.000106412
0.0435323 0.580807 0.587782 -0.00649022 -0.00466958 -0.000862348 -0.00812995 -0.00300871 -0.0180604 0.635869 -0.419647 0.0766444 0.643189 -1.8068e-06 -4.42875e-05 -0.000270427 0.0353396 0.0615508 -0.0532274 0.00296206 3.70585e-10 0.000105594
0.422582 0.929013 0.455988 -0.00646784 -0.00468169 -0.000855592 0.000806877 -0.0133001 -0.00103683 -0.171629 -0.629821 -0.437029 0.618769 0.000293888 0.000132235 -4.84251e-05 0.429337 0.318043 0.00607764 0.00293623 3.54705e-10 0.000102856
0.336078 0.209885 0.98594 -0.00648161 -0.00467254 -0.000846661 0.00331691 0.00330977 -0.00469758 0.73012 0.38518 0.528541 0.198005 1.30926e-05 -4.86772e-05 -5.55264e-06 0.0254617 -0.0084353 0.036449 0.00296946 3.7524e-10 0.000106388
0.773075 0.959586 0.552254 -0.0064898 -0.00468607 -0.000847803 -0.00837839 -0.0113658 -0.0154801 0.500788 -0.0700429 -0.844362 -0.177082 0.00114168 0.000422187 0.00107807 0.0627361 -0.308143 -0.0680633 0.0029047 3.36067e-10 9.95781e-05
0.828491 0.202688 0.00590681 -0.0064899 -0.00466435 -0.000854798 -0.00568935 0.00933206 -0.0118899 0.904182 -0.190263 0.061304 0.377488 0.000100924 0.000108159 -3.04259e-05 0.410458 0.454267 -0.132578 0.00293945 3.56659e-10 0.000103195
0.94318 0.195376 0.705254 -0.00647854 -0.0046712 -0.000845053 -0.0174794 0.00102282 0.00811642 0.815672 0.0149484 -0.0699241 0.574079 -0.000108187 4.66446e-05 -8.43567e-06 -0.234632 0.165917 -0.125571 0.00290348 3.35362e-10 9.94528e-05
0.215857 0.0776534 0.102329 -0.00647189 -0.00467525 -0.000848018 0.0190078 -0.00413429 0.0464274 0.622178 0.612137 -0.464771 0.148899 0.000210548 5.33696e-05 9.89517e-05 0.054411 -0.0653321 -0.116317 0.00290595 3.36789e-10 9.97063e-05
0.903048 0.864583 0.420695 -0.00883387 -0.0250429 0.0137824 -0.0299227 -0.0399408 -0.0086873 0.395038 -0.342682 -0.732651 0.435588 -0.725524 0.763411 1.02582 0.518533 0.204028 0.0317691 0.0029792 3.81431e-10 0.000107438
0.696428 0.427114 0.557747 -0.00648491 -0.00467717 -0.000835416 -0.00530543 0.0131713 0.0169609 0.730764 -0.287959 0.502552 -0.361255 -0.000190275 8.18591e-05 6.47476e-05 -0.335981 0.131555 -0.047699 0.0029022 3.34622e-10 9.9321e-05
0.878822 0.340263 0.578072 -0.00648165 -0.00466323 -0.000830468 -0.00628329 0.0165469 0.0235162 0.908986 -0.144663 -0.266755 -0.28576 -0.000113176 6.90541e-05 -0.000192173 -0.139811 0.109048 0.019009 0.00291871 3.44248e-10 0.000101025
0.756101 0.101782 0.838182 -0.0064839 -0.0046701 -0.000847059 0.00783283 -0.00425593 -0.00481818 0.793284 -0.5145 -0.0639186 0.319225 -3.45046e-05 -0.000119236 -0.000177662 -0.0720197 -0.286214 0.164907 0.00291794 3.438e-10 0.000100947
0.435876 0.293188 0.538017 -0.00647601 -0.00467907 -0.000851285 -0.00139317 -0.00193212 0.00114193 0.957393 -0.209478 0.02593 -0.197094 3.31006e-05 -0.000103493 5.41745e-05 0.205434 -0.112437 0.246979 0.0029005 3.33644e-10 9.91467e-05
0.118746 0.801373 0.104301 -0.00649216 -0.00466464 -0.000847823 -0.0113982 -0.0106249 -0.00733641 0.891132 -0.164758 0.422756 -0.00399578 0.000254799 -0.000503448 0.00083908 0.0959267 -0.0754184 0.0453109 0.00296135 3.70142e-10 0.000105519
0.747472 0.859589 0.221218 -0.00648109 -0.00468707 -0.000834835 -0.00467344 -0.0110421 0.0252711 0.967584 0.159468 -0.177304 -0.0831531 -1.28103e-05 0.000179829 -0.000399973 -0.381317 0.117855 -0.389102 0.00299129 3.89234e-10 0.000108751
0.0759487 0.764849 0.486105 0.0486137 -0.0310309 0.0589401 0 0 0 -0.267944 -0.731823 -0.249013 -0.575007 -5.65241 -13.7195 -13.1313 0 0 0 0.00299948 3.94597e-10 0.000109648
0.625111 0.33879 0.234031 -0.00648213 -0.00466392 -0.000847307 0.00283929 0.0020219 0.000770138 0.830437 0.453367 -0.293342 0.137051 5.94715e-05 -0.000102623 2.42501e-06 0.0418363 -0.132279 -0.0926286 0.00298544 3.85446e-10 0.000108115
0.555913 0.927176 0.175346 -0.00647872 -0.00467761 -0.000847165 0.00353221 0.00307255 0.00528874 0.963345 0.195185 -0.183999 -0.00368904 0.000539878 -0.000300679 0.00063646 0.275104 0.0631795 0.583116 0.00295754 3.67769e-10 0.000105112
0.528874 0.579031 0.613598 -0.00646955 -0.00466974 -0.000831451 0.00508721 0.00598241 0.0257483 0.751029 -0.428517 0.274999 -0.420363 -0.000249986 -6.95044e-05 0.000181452 -0.382408 -0.222678 0.301209 0.00291262 3.40675e-10 0.000100395
0.575982 0.985779 0.918678 -0.00650102 -0.00467609 -0.000822903 -0.0142893 0.0065733 0.00877351 0.863967 0.183061 -0.127651 -0.451392 0.000230002 7.83826e-05 0.000132614 -0.0475736 0.177123 -0.0307704 0.00294967 3.62898e-10 0.000104275
0.708422 0.679877 0.635559 -0.00646553 -0.0046815 -0.000835534 0.0139617 0.0163894 0.005345 0.76493 0.251691 0.0419076 0.59142 -0.000295702 2.83182e-05 0.000225812 0.00276756 -0.257905 0.259706 0.00297434 3.78332e-10 0.000106913
0.855876 0.50093 0.242466 -0.00648111 -0.00469114 -0.000833651 -0.00762745 -0.0206005 -4.17501e-05 0.843025 -0.0822549 -0.52732 0.066903 0.000323317 9.70269e-06 -0.000139042 0.198258 0.124864 -0.0551111 0.00293004 3.50984e-10 0.000102207
0.27871 0.905076 0.021817 -0.0064678 -0.00467067 -0.000842231 0.0243303 0.0189039 0.0191061 0.845284 -0.105856 0.290998 0.435441 -0.0001157 -0.000165324 -0.000173043 -0.193616 -0.141017 -0.0504964 0.00293975 3.56836e-10 0.000103226
0.225098 0.91037 0.394933 -0.00647434 -0.00466965 -0.000840592 -0.00132245 -0.0175157 -0.0091971 0.844669 0.31878 -0.0113854 -0.429865 -9.38358e-05 -0.000310557 0.000202407 0.375942 -0.230154 0.191894 0.00295589 3.66745e-10 0.000104936
0.330728 0.703304 0.941015 -0.00651112 -0.00467371 -0.000842549 -0.0101784 0.00579498 -0.00561687 0.283585 0.65228 0.656852 -0.250312 3.49638e-05 -0.000215468 0.000452252 0.0480348 0.00664622 -0.115831 0.0029681 3.74382e-10 0.000106242
0.945968 0.488091 0.0504577 0.0103903 0.0186482 -0.00445323 0 0 0 -0.147986 -0.202576 -0.514417 0.820023 0.614895 -0.0690625 -0.979583 0 0 0 0.00291012 3.39216e-10 0.000100137
0.779656 0.377026 0.0952625 -0.0064791 -0.00467309 -0.000844687 -0.011148 0.00580257 -0.0231295 0.497279 -0.0900698 0.861563 0.0480646 -0.000322453 0.000151849 0.000304889 -0.336669 -0.0693842 0.272688 0.00294025 3.5714e-10 0.000103279
0.214867 0.409897 0.66914 -0.00647444 -0.00468036 -0.000848486 0.00184997 0.00177293 -0.00180071 0.197611 0.715684 0.642928 0.188121 4.51896e-05 -2.67788e-05 1.95126e-05 0.0707914 0.0116831 0.131585 0.00299724 3.93122e-10 0.000109402
0.530134 0.777131 0.59252 -0.00646165 -0.00467095 -0.000828206 0.00134421 -0.00909986 -0.00550531 0.69343 0.116568 -0.110507 -0.702393 0.000181988 -1.59475e-05 -0.000124974 0.602558 0.0366049 -0.357982 0.00297605 3.7942e-10 0.000107098
0.905629 0.0846409 0.462251 -0.00647307 -0.00470468 -0.000852321 -0.0287111 0.0164227 0.0043626 0.924443 -0.0970069 0.359125 -0.0838054 -0.000510626 8.17466e-05 -0.00105549 -0.297435 0.417899 -0.33508 0.00292953 3.50681e-10 0.000102154
0.615612 0.486706 0.039541 -0.00647209 -0.0046624 -0.000850073 0.000979524 0.0321642 0.00287573 0.275009 -0.750519 -0.00981279 -0.600829 0.000231874 -8.49477e-05 -0.000183549 0.227302 -0.192374 0.0471939 0.00294993 3.63063e-10 0.000104303
0.00750842 0.367474 0.222332 -0.00647779 -0.00468548 -0.000831741 -0.00384049 -0.0134914 0.00544068 0.859824 -0.0145699 0.442574 0.254201 -0.000190068 -6.57736e-05 3.60111e-05 -0.0623325 -0.111635 -0.0250604 0.00295283 3.64849e-10 0.000104611
0.502034 0.311987 0.0597396 -0.00648309 -0.00467142 -0.000845967 0.0025859 0.000277091 0.000733852 0.782053 0.111086 0.607631 0.0826903 2.67089e-05 3.91445e-05 -1.65201e-05 -0.0890071 0.0305244 -0.067738 0.00299051 3.8873e-10 0.000108667
0.671458 0.521422 0.76401 -0.00647841 -0.00468149 -0.000843527 -0.00485012 0.0301214 0.0183675 0.231363 -0.843421 -0.234557 0.424376 0.000222586 0.000177766 -0.000224847 -0.00430163 0.239449 -0.0855897 0.002983 3.83871e-10 0.00010785
0.253739 0.263536 0.444375 -0.00648017 -0.00466984 -0.000846185 5.69042e-05 -0.0223072 0.0133144 0.845847 0.210844 0.450982 -0.191579 -0.000158094 1.2077e-05 -1.72e-05 0.0766617 0.00389574 -0.377066 0.00294907 3.62532e-10 0.000104212
0.546471 0.800006 0.810435 -0.00649467 -0.00466144 -0.000847506 -0.0151896 0.0223908 -0.0111166 0.555292 -0.346701 -0.389287 -0.648001 0.000178697 -0.000301654 -0.00010834 -0.104638 0.0213768 -0.0605841 0.00294839 3.62115e-10 0.00010414
0.532165 0.161196 0.200427 -0.00647158 -0.00466531 -0.000847598 0.0163092 0.00992739 0.000778951 0.993372 -0.0582792 0.0517913 0.0844529 -6.08039e-05 2.30891e-05 -0.000140598 -0.06481 0.052635 -0.107973 0.00296849 3.74624e-10 0.000106283
0.158 0.231597 0.22066 -0.00647102 -0.00467503 -0.000855863 0.00645261 0.00565864 0.0212883 0.447612 -0.757859 -0.319441 0.35107 -0.000101331 -2.8275e-05 -0.000125714 0.404516 -0.0235999 -0.126825 0.00292582 3.48464e-10 0.000101766
0.744163 0.0281941 0.102194 0.00111767 -0.00270272 -0.00728958 -0.0120933 0.00158334 -0.00930433 0.816821 -0.380173 -0.325086 -0.287385 -0.188153 0.118835 -0.191577 -0.218037 0.0937092 0.232156 0.00295903 3.68696e-10 0.000105271
0.45779 0.607713 0.409344 -0.0064802 -0.00467738 -0.000849841 -0.00969781 -0.0150158 -0.00957775 0.805424 -0.24823 0.134946 0.521022 0.000178595 6.92914e-05 7.01497e-05 -0.125697 0.0474774 -0.025222 0.00292258 3.46539e-10 0.000101428
0.34284 0.445906 0.443261 -0.00648199 -0.00467707 -0.000846177 -0.00040934 -0.00904772 -0.00896074 0.774651 -0.360593 0.519432 0.00883362 -0.000111766 6.81234e-05 -7.87176e-05 -0.027538 -0.0417638 -0.0650692 0.00294859 3.62234e-10 0.00010416
0.765506 0.666794 0.0927854 0.105633 0.472695 -0.0738717 0 0 0 0.827498 0.10743 -0.527057 -0.16099 -5.31823 0.482008 -4.6389 0 0 0 0.00298925 3.87912e-10 0.00010853
0.653331 0.537886 0.244318 -0.00648011 -0.00468281 -0.000845389 -0.00588242 -0.00125803 -0.00802419 0.220397 0.177187 -0.25901 -0.92355 -0.000118072 8.4869e-05 0.000236033 -0.215938 -0.0226301 0.259673 0.00294049 3.57285e-10 0.000103304
0.329639 0.747763 0.484649 -0.00289736 -0.0013828 -0.00141263 -9.97272e-05 -0.00968226 -0.0162327 0.827512 -0.549158 0.112149 0.0327597 -0.227061 0.266026 0.181268 0.219741 0.0598957 0.220356 0.00297159 3.76587e-10 0.000106617
0.646348 0.968901 0.371036 -0.00600321 -0.00550711 -0.00304889 -0.0167659 -0.0328997 -0.0307425 -0.105212 -0.103122 0.360261 0.921145 0.00393315 0.0761405 -0.029693 -0.0747026 -0.242191 0.0279971 0.00292152 3.45913e-10 0.000101318
0.627115 0.162241 0.000785969 -0.00648743 -0.00467018 -0.000849314 -0.00520302 0.00330421 -0.00910668 0.920607 -0.130845 -0.0739258 0.360413 3.90308e-05 -0.000164434 -1.66197e-05 0.287093 -0.340418 0.0631428 0.00291797 3.43815e-10 0.000100949
0.00872892 0.0661302 0.10403 -0.00647438 -0.00466497 -0.000840623 0.017753 -0.00299512 0.0140067 0.83826 -0.457182 0.0767361 -0.287082 2.19032e-05 -0.000113555 4.13415e-06 -0.186544 0.32801 0.158314 0.00299825 3.93783e-10 0.000109512
0.10482 0.0601491 0.725968 -0.0401935 -0.0189501 0.0207539 0 0 0 0.768119 -0.178814 -0.13954 -0.598788 -1.01632 -3.50069 -4.65264 0 0 0 0.00297972 3.81766e-10 0.000107495
0.170527 0.702246 0.695095 -0.00648929 -0.00467106 -0.000857573 -0.002619 -0.0092627 -0.0196988 0.943573 0.0359751 -0.328753 -0.0172499 -0.000153327 -0.000128678 0.000172647 0.0394147 -0.0297779 0.109883 0.00292545 3.48241e-10 0.000101727
0.256833 0.366086 0.877237 -0.00649171 -0.00467596 -0.000844052 0.00629799 0.0042073 0.00633097 0.836569 0.417925 0.344903 -0.0808315 -0.000102039 0.000213942 -0.000219585 -0.0894642 -0.16555 0.121434 0.00297361 3.77869e-10 0.000106835
0.86198 0.812857 0.662194 -0.00647709 -0.00466938 -0.000846867 0.0250075 0.00881221 -0.0179257 0.663653 -0.379285 -0.448906 -0.462808 -0.000494195 -0.00109728 -0.000642745 0.00520812 -0.0293708 -0.18017 0.00295258 3.64697e-10 0.000104584
0.155725 0.191321 0.880774 -0.00647991 -0.00468017 -0.000847908 0.00448911 0.0122864 -0.0205441 0.728505 0.422 -0.35606 -0.405485 0.000229092 7.10037e-05 6.31636e-05 -0.293624 0.0420117 -0.139273 0.00294405 3.59456e-10 0.00010368
0.216651 0.0651374 0.540842 -0.006483 -0.00467509 -0.000844924 -0.00256224 -0.002771 0.0437569 0.873968 -0.147577 -0.31098 -0.343062 -2.91526e-05 2.54257e-05 -7.95761e-05 -0.172217 -0.262513 -0.0605185 0.00297812 3.80743e-10 0.000107322
0.0545437 0.861207 0.743769 -0.00648381 -0.00467218 -0.000846773 0.0304205 0.0140752 -0.0410611 0.844051 0.0985916 0.525944 0.0352083 0.000119631 2.93864e-05 -0.000124172 -0.000292168 0.43585 0.485757 0.00297212 3.76925e-10 0.000106675
0.888113 0.867775 0.87904 -0.0064857 -0.00466634 -0.000843538 -0.00399183 0.0213737 0.00402316 0.540958 0.325167 -0.76753 0.111933 -0.000208288 -0.000102197 -7.12537e-05 0.0887268 -0.273765 0.0307973 0.00297578 3.79252e-10 0.000107069
0.970173 0.100222 0.892308 -0.00648508 -0.00466918 -0.000843514 0.0101407 -0.000227307 0.00402429 0.961131 0.00140923 -0.275129 -0.0230138 2.62833e-05 1.8378e-05 4.26504e-05 0.0658251 -0.394769 -0.0146825 0.0029945 3.9133e-10 0.000109102
Interactions 251
1 13 0 0.191029 0.955141 -0.226306 0.614955 0.614955 0 0.0564546 -0.040972 -0.126955 0.0564546 -0.040972 -0.126955 0 0 0 1.5007e-05 -1.1623e-05 -3.73623e-05 0 0 0 0 0 0 0 0 0 14.1198 8.93015 1 0
1 39 0 -0.252598 -0.752897 -0.607734 0.809375 0.809375 0 0.209276 -0.0597237 -0.0140067 0.209276 -0.0597237 -0.0140067 0 0 0 -5.14449e-05 2.30707e-05 -6.94517e-06 0 0 0 0 0 0 0 0 0 14.0525 8.88758 1 0
1 93 0 -0.191084 -0.127112 0.973308 0.936057 0.936057 0 0.300097 -0.127207 0.0427253 0.300097 -0.127207 0.0427253 0 0 0 -2.39428e-06 1.08743e-06 -3.31635e-07 0 0 0 0 0 0 0 0 0 14.0355 8.87683 1 0
1 104 0 0.85816 0.361527 0.364499 0.472849 0.472849 0 -0.0212397 0.0563604 -0.0278893 -0.0212397 0.0563604 -0.0278893 0 0 0 8.94006e-07 -9.12321e-06 7.34003e-06 0 0 0 0 0 0 0 0 0 13.9676 8.8339 1 0
1 117 0 -0.975179 -0.133402 -0.176718 0.705707 0.705707 0 0.0036607 0.235729 -0.201535 0.0036607 0.235729 -0.201535 0 0 0 8.31852e-05 -0.000337133 -0.000273713 0 0 0 0 0 0 0 0 0 13.8875 8.78325 1 0
2 9 0 -0.722846 -0.298465 0.623227 1.0519 1.0519 0 0.17623 0.0173838 0.21115 0.17623 0.0173838 0.21115 0 0 0 -5.09223e-05 3.76815e-05 -4.12882e-05 0 0 0 0 0 0 0 0 0 14.0255 8.8705 1 0
2 64 0 -0.20009 0.570637 0.796453 0.465904 0.465904 0 0.0144043 -0.00881102 0.00999308 0.0144043 -0.00881102 0.00999308 0 0 0 2.02295e-05 -4.79535e-05 3.97884e-05 0 0 0 0 0 0 0 0 0 14.0733 8.90072 1 0
2 89 0 -0.153162 -0.274243 -0.949385 1.41428 1.41428 0 0.287002 0.0239053 -0.0528389 0.287002 0.0239053 -0.0528389 0 0 0 -1.20614e-05 6.01928e-05 -3.05811e-05 0 0 0 0 0 0 0 0 0 14.0626 8.89398 1 0
2 123 0 0.717097 0.67154 0.186566 0.725109 0.725109 0 0.072587 -0.0834686 0.0124726 0.072587 -0.0834686 0.0124726 0 0 0 -1.73664e-06 2.44775e-06 -1.85127e-06 0 0 0 0 0 0 0 0 0 14.0676 8.8971 1 0
3 33 0 0.457203 -0.567175 -0.685038 2.03258 2.03258 0 0.102728 0.454111 -0.308316 0.102728 0.454111 -0.308316 0 0 0 -5.1148e-06 -1.36972e-06 -2.01627e-06 0 0 0 0 0 0 0 0 0 14.2932 9.03978 1 0
3 37 0 -0.847045 -0.0301725 -0.530664 0.150029 0.150029 0 0.0105391 -0.0457517 -0.014226 0.0105391 -0.0457517 -0.014226 0 0 0 -2.33177e-05 0.000144826 2.90982e-05 0 0 0 0 0 0 0 0 0 14.0584 8.8913 1 0
3 89 0 0.0777694 -0.56463 0.821672 1.25831 1.25831 0 0.106478 0.370073 0.246204 0.106478 0.370073 0.246204 0 0 0 2.22437e-05 -3.02456e-05 -2.33595e-05 0 0 0 0 0 0 0 0 0 14.2443 9.0089 1 0
3 97 0 -0.778703 -0.0789854 0.622401 1.49229 1.49229 0 -0.0124333 0.136268 0.00151668 -0.0124333 0.136268 0.00151668 0 0 0 -3.12734e-05 2.62932e-05 -3.5826e-05 0 0 0 0 0 0 0 0 0 14.2504 9.01274 1 0
3 113 0 -0.222456 0.886436 -0.405888 1.10554 1.10554 0 0.300592 0.0910156 0.0328359 0.300592 0.0910156 0.0328359 0 0 0 -0.000192387 -8.00239e-05 -6.45422e-05 0 0 0 0 0 0 0 0 0 14.0539 8.88847 1 0
4 6 0 0.0201591 -0.776188 -0.63018 0.368465 0.368465 0 -0.0843013 -0.0433712 0.0507129 -0.0843013 -0.0433712 0.0507129 0 0 0 -1.60867e-05 1.99952e-05 -2.50847e-05 0 0 0 0 0 0 0 0 0 14.1628 8.95732 1 0
4 25 0 0.593116 0.0249161 -0.804731 1.05817 1.05817 0 0.18126 0.462615 0.147998 0.18126 0.462615 0.147998 0 0 0 -8.14406e-05 -4.11003e-05 -6.27804e-05 0 0 0 0 0 0 0 0 0 14.2495 9.01216 1 0
4 39 0 0.622174 0.00154806 0.782877 0.357309 0.357309 0 -0.115164 0.0198195 0.0915172 -0.115164 0.0198195 0.0915172 0 0 0 5.31088e-05 7.51788e-05 -4.19537e-05 0 0 0 0 0 0 0 0 0 14.2579 9.01746 1 0
4 43 0 -0.669583 -0.0610548 -0.740224 1.13615 1.13615 0 -0.183657 0.188484 0.155054 -0.183657 0.188484 0.155054 0 0 0 4.54106e-06 -1.03941e-05 -3.40157e-06 0 0 0 0 0 0 0 0 0 14.2287 8.99899 1 0
4 57 0 -0.0399982 0.783728 -0.619815 1.69779 1.69779 0 0.197672 -0.200321 -0.266522 0.197672 -0.200321 -0.266522 0 0 0 -1.08041e-05 2.28228e-05 2.9267e-05 0 0 0 0 0 0 0 0 0 14.2745 9.02797 1 0
4 70 0 -0.697095 0.0104226 0.716903 2.19804 2.19804 0 0.44544 -0.310364 0.384823 0.44544 -0.310364 0.384823 0 0 0 -1.50932e-05 1.92385e-05 -1.30405e-05 0 0 0 0 0 0 0 0 0 14.2184 8.99253 1 0
4 109 0 0.744793 -0.66562 0.0472485 1.57725 1.57725 0 -0.112434 -0.0920804 0.483444 -0.112434 -0.0920804 0.483444 0 0 0 -1.72329e-08 -2.58472e-07 -3.36842e-06 0 0 0 0 0 0 0 0 0 14.1699 8.96184 1 0
5 10 0 -0.0514597 -0.891776 0.449542 0.596378 0.596378 0 -0.0145279 -0.0165185 -0.0343489 -0.0145279 -0.0165185 -0.0343489 0 0 0 -2.66081e-07 6.43995e-07 1.30668e-06 0 0 0 0 0 0 0 0 0 14.0538 8.8884 1 0
5 35 0 0.587001 -0.178713 0.789614 2.90299 2.90299 0 0.179457 0.37313 -0.0537205 0.179457 0.37313 -0.0537205 0 0 0 8.30801e-06 -1.33752e-05 -9.08498e-06 0 0 0 0 0 0 0 0 0 14.2527 9.01418 1 0
5 39 0 -0.497115 0.757643 -0.42291 0.348284 0.348284 0 0.0920574 0.0209708 -0.0706253 0.0920574 0.0209708 -0.0706253 0 0 0 2.7576e-06 1.40563e-05 2.17711e-05 0 0 0 0 0 0 0 0 0 14.2204 8.99379 1 0
5 81 0 0.0705903 -0.679367 -0.730396 1.20362 1.20362 0 -0.146767 0.218707 -0.217739 -0.146767 0.218707 -0.217739 0 0 0 8.04847e-05 -0.000108808 0.000109013 0 0 0 0 0 0 0 0 0 13.9581 8.82788 1 0
5 87 0 0.522413 0.765713 -0.375191 1.36416 1.36416 0 -0.0880677 0.0163055 -0.0852252 -0.0880677 0.0163055 -0.0852252 0 0 0 2.26611e-06 -6.18005e-06 -9.22422e-06 0 0 0 0 0 0 0 0 0 14.0027 8.85609 1 0
5 96 0 -0.989679 -0.0873003 -0.11364 2.37496 2.37496 0 0.0304441 0.154644 -0.290557 0.0304441 0.154644 -0.290557 0 0 0 -4.75241e-07 -1.35166e-06 3.74179e-06 0 0 0 0 0 0 0 0 0 14.3053 9.04745 1 0
6 16 0 -0.456686 -0.109512 0.882862 2.12137 2.12137 0 -0.0729927 -0.422336 -0.0900559 -0.0729927 -0.422336 -0.0900559 0 0 0 1.58596e-05 3.53873e-06 8.64048e-06 0 0 0 0 0 0 0 0 0 14.2773 9.02974 1 0
6 25 0 0.573985 0.799449 -0.177263 1.45254 1.45254 0 0.0618799 -0.0898882 -0.208685 0.0618799 -0.0898882 -0.208685 0 0 0 -2.66554e-05 2.95721e-05 4.80596e-05 0 0 0 0 0 0 0 0 0 14.2165 8.99133 1 0
6 43 0 -0.690913 0.714205 -0.112027 1.8867 1.8867 0 0.162798 0.168359 0.0660186 0.162798 0.168359 0.0660186 0 0 0 -8.38489e-06 -1.42373e-05 -4.71119e-05 0 0 0 0 0 0 0 0 0 14.1959 8.97825 1 0
6 66 0 0.581542 -0.40556 -0.705216 2.96843 2.96843 0 -0.0759859 -0.162758 0.0133203 -0.0759859 -0.162758 0.0133203 0 0 0 -6.70612e-05 -3.54852e-05 -3.43369e-05 0 0 0 0 0 0 0 0 0 14.1635 8.95781 1 0
6 100 0 -0.893477 -0.282774 -0.348909 2.69269 2.69269 0 0.155094 -0.367186 -0.0576389 0.155094 -0.367186 -0.0576389 0 0 0 -9.26976e-06 2.20283e-05 6.84583e-06 0 0 0 0 0 0 0 0 0 14.1528 8.951 1 0
6 109 0 0.725976 0.11083 0.678731 2.52699 2.52699 0 -0.024009 -0.0467312 0.00925831 -0.024009 -0.0467312 0.00925831 0 0 0 1.20155e-06 2.41275e-05 -2.16165e-06 0 0 0 0 0 0 0 0 0 14.1375 8.94136 1 0
7 16 0 0.871196 -0.451685 0.192351 1.59984 1.59984 0 -0.109437 -0.141884 0.158382 -0.109437 -0.141884 0.158382 0 0 0 -6.23809e-06 9.06657e-06 5.40342e-05 0 0 0 0 0 0 0 0 0 14.2365 9.00393 1 0
7 28 0 -0.638054 -0.693562 -0.334453 0.626316 0.626316 0 0.0847041 -0.029559 -0.0989798 0.0847041 -0.029559 -0.0989798 0 0 0 -3.05795e-05 1.53793e-05 2.58649e-05 0 0 0 0 0 0 0 0 0 14.177 8.96635 1 0
7 61 0 -0.190222 0.944203 0.268878 1.611 1.611 0 -0.0792802 -0.0481096 0.101033 -0.0792802 -0.0481096 0.101033 0 0 0 3.82057e-07 3.55461e-07 -9.20623e-07 0 0 0 0 0 0 0 0 0 14.0104 8.86098 1 0
7 79 0 -0.181421 -0.768041 0.614166 0.172849 0.172849 0 -0.024209 0.0319537 0.0328517 -0.024209 0.0319537 0.0328517 0 0 0 5.31401e-06 -5.96441e-06 -5.90577e-06 0 0 0 0 0 0 0 0 0 13.9905 8.84837 1 0
7 90 0 -0.292476 0.043549 -0.955281 0.948343 0.948343 0 -0.250757 -0.0850425 0.075069 -0.250757 -0.0850425 0.075069 0 0 0 2.98185e-05 -1.63988e-05 -1.41188e-05 0 0 0 0 0 0 0 0 0 14.0315 8.87428 1 0
8 36 0 -0.048507 -0.967983 0.246283 2.00473 2.00473 0 0.327734 -0.0299035 -0.0608821 0.327734 -0.0299035 -0.0608821 0 0 0 -0.000115591 -1.11154e-05 -2.21923e-05 0 0 0 0 0 0 0 0 0 14.2143 8.98992 1 0
8 54 0 -0.850003 -0.279137 0.446742 1.79019 1.79019 0 0.0224421 0.320094 0.243529 0.0224421 0.320094 0.243529 0 0 0 1.97432e-05 -3.20039e-05 2.28315e-05 0 0 0 0 0 0 0 0 0 14.2181 8.99233 1 0
8 74 0 -0.284784 -0.00629364 -0.958571 1.7117 1.7117 0 0.220483 0.051825 -0.0662798 0.220483 0.051825 -0.0662798 0 0 0 3.0292e-05 2.60606e-05 -7.43474e-06 0 0 0 0 0 0 0 0 0 14.2088 8.98644 1 0
8 100 0 0.575756 0.816408 0.0445335 2.61334 2.61334 0 0.031067 -0.024539 0.114553 0.031067 -0.024539 0.114553 0 0 0 -3.22993e-06 2.23825e-06 4.70035e-06 0 0 0 0 0 0 0 0 0 14.258 9.01757 1 0
9 42 0 -0.574566 0.802769 0.159484 0.333074 0.333074 0 -0.0632667 -0.0267912 -0.0922981 -0.0632667 -0.0267912 -0.0922981 0 0 0 1.41611e-06 6.71913e-07 1.70545e-06 0 0 0 0 0 0 0 0 0 14.093 8.91317 1 0
9 58 0 -0.384006 -0.0387558 0.922517 1.38946 1.38946 0 -0.175438 0.366716 -0.0788106 -0.175438 0.366716 -0.0788106 0 0 0 5.32939e-06 -5.86238e-05 2.62767e-06 0 0 0 0 0 0 0 0 0 14.2949 9.04088 1 0
9 99 0 0.118018 -0.942927 0.311383 1.30176 1.30176 0 0.187713 -0.0921183 -0.342207 0.187713 -0.0921183 -0.342207 0 0 0 -8.21647e-06 1.59345e-05 6.57948e-05 0 0 0 0 0 0 0 0 0 14.203 8.98275 1 0
9 104 0 -0.214849 0.624598 -0.750811 0.557256 0.557256 0 0.157889 0.121496 0.0581648 0.157889 0.121496 0.0581648 0 0 0 -2.01581e-05 -1.27766e-05 -4.87344e-06 0 0 0 0 0 0 0 0 0 14.1974 8.97921 1 0
10 24 0 -0.0852877 -0.952008 0.293949 0.580029 0.580029 0 0.01307 0.0103138 0.0374843 0.01307 0.0103138 0.0374843 0 0 0 -2.53659e-07 3.98229e-08 2.29803e-08 0 0 0 0 0 0 0 0 0 14.1784 8.96718 1 0
10 72 0 -0.360461 -0.203181 0.910376 0.0279494 0.0279494 0 0.00125665 -0.000796289 0.000319967 0.00125665 -0.000796289 0.000319967 0 0 0 5.01455e-06 3.0862e-07 2.05462e-06 0 0 0 0 0 0 0 0 0 14.1385 8.94194 1 0
12 98 0 -0.634135 0.643713 -0.428376 0.236808 0.236808 0 0.0522525 -9.19163e-05 -0.0761076 0.0522525 -9.19163e-05 -0.0761076 0 0 0 2.2949e-06 2.7562e-05 3.57467e-05 0 0 0 0 0 0 0 0 0 14.1091 8.92339 1 0
12 122 0 0.0850549 -0.475254 0.875728 0.236313 0.236313 0 0.0778164 -0.0400359 -0.0293952 0.0778164 -0.0400359 -0.0293952 0 0 0 -2.17791e-05 2.00746e-05 1.31732e-05 0 0 0 0 0 0 0 0 0 14.2633 9.02088 1 0
13 59 0 -0.808739 0.0484052 0.586173 1.71813 1.71813 0 0.0729054 -0.202459 0.117276 0.0729054 -0.202459 0.117276 0 0 0 -1.29642e-06 1.86477e-06 -1.9419e-06 0 0 0 0 0 0 0 0 0 14.3904 9.10127 1 0
13 68 0 -0.0251934 0.959836 -0.279428 1.64791 1.64791 0 0.401218 -0.0312886 -0.160316 0.401218 -0.0312886 -0.160316 0 0 0 -4.68734e-05 2.44998e-06 1.56916e-05 0 0 0 0 0 0 0 0 0 14.4566 9.14316 1 0
13 97 0 0.574584 -0.702341 -0.420203 1.59687 1.59687 0 0.213305 0.236805 -0.0987242 0.213305 0.236805 -0.0987242 0 0 0 -1.06653e-06 -1.18402e-06 4.93621e-07 0 0 0 0 0 0 0 0 0 14.4034 9.1095 1 0
14 59 0 0.0931602 0.269335 0.95853 5.0041 5.0041 0 -0.148157 -0.0454322 0.0137663 -0.148157 -0.0454322 0.0137663 0 0 0 4.10702e-07 8.58441e-07 -2.40948e-07 0 0 0 0 0 0 0 0 0 14.135 8.93977 1 0
14 92 0 0.0200298 0.178332 -0.983767 4.22703 4.22703 0 -0.446026 -0.249973 -0.0160516 -0.446026 -0.249973 -0.0160516 0 0 0 -4.36777e-06 -8.28156e-06 -2.58554e-07 0 0 0 0 0 0 0 0 0 14.077 8.90307 1 0
14 112 0 0.524865 -0.638503 -0.562877 1.27181 1.27181 0 0.0702144 -0.0531773 0.126915 0.0702144 -0.0531773 0.126915 0 0 0 2.55661e-06 3.43841e-05 -3.70317e-05 0 0 0 0 0 0 0 0 0 14.1319 8.93777 1 0
14 117 0 -0.245583 -0.873997 0.419308 1.89699 1.89699 0 -0.199527 -0.153998 -0.431544 -0.199527 -0.153998 -0.431544 0 0 0 -3.14394e-05 4.56124e-05 8.04439e-05 0 0 0 0 0 0 0 0 0 13.9691 8.83483 1 0
14 121 0 -0.0208131 0.953349 -0.301151 0.954653 0.954653 0 -0.00914383 -0.0391097 -0.123308 -0.00914383 -0.0391097 -0.123308 0 0 0 6.89899e-06 3.27389e-06 9.66956e-06 0 0 0 0 0 0 0 0 0 14.1545 8.95212 1 0
16 22 0 -0.618748 -0.679112 -0.394916 1.85247 1.85247 0 -0.103753 -0.224021 0.555048 -0.103753 -0.224021 0.555048 0 0 0 7.73913e-06 -2.21553e-05 2.64728e-05 0 0 0 0 0 0 0 0 0 14.2806 9.03182 1 0
16 96 0 0.559039 0.0396941 0.82819 2.84635 2.84635 0 -0.0987121 -0.150092 0.0681353 -0.0987121 -0.150092 0.0681353 0 0 0 -2.30536e-06 1.49808e-05 1.07108e-06 0 0 0 0 0 0 0 0 0 14.4624 9.1468 1 0
17 20 0 0.129967 0.929883 -0.34413 1.80377 1.80377 0 0.308213 -0.0361481 0.0187188 0.308213 -0.0361481 0.0187188 0 0 0 -8.13375e-06 -4.82996e-07 -5.27431e-06 0 0 0 0 0 0 0 0 0 14.0736 8.9009 1 0
17 24 0 -0.848161 -0.259853 0.461626 1.02872 1.02872 0 0.233987 -0.124367 0.357888 0.233987 -0.124367 0.357888 0 0 0 5.6842e-06 1.98672e-05 2.34217e-05 0 0 0 0 0 0 0 0 0 14.1012 8.91838 1 0
17 67 0 0.0308675 -0.531948 -0.846214 1.42391 1.42391 0 -0.140637 -0.0846919 0.0463526 -0.140637 -0.0846919 0.0463526 0 0 0 4.45324e-05 -1.65789e-05 1.17463e-05 0 0 0 0 0 0 0 0 0 13.9605 8.82942 1 0
17 68 0 -0.792154 0.00471755 -0.610304 1.14527 1.14527 0 -0.0323971 0.102226 0.0426827 -0.0323971 0.102226 0.0426827 0 0 0 1.61985e-07 -5.1113e-07 -2.13414e-07 0 0 0 0 0 0 0 0 0 14.1343 8.93931 1 0
17 80 0 0.917254 -0.0517474 0.394927 1.45819 1.45819 0 -0.138267 0.396485 0.376108 -0.138267 0.396485 0.376108 0 0 0 4.13454e-06 -1.06828e-05 -1.09506e-05 0 0 0 0 0 0 0 0 0 13.8821 8.77981 1 0
17 88 0 0.0365365 -0.637519 0.769568 1.01818 1.01818 0 -0.10426 -0.186876 -0.151447 -0.10426 -0.186876 -0.151447 0 0 0 5.21298e-07 9.34381e-07 7.57233e-07 0 0 0 0 0 0 0 0 0 13.9935 8.85027 1 0
18 20 0 -0.634511 -0.0152726 -0.772763 0.593709 0.593709 0 0.046553 -0.177675 -0.0354555 0.046553 -0.177675 -0.0354555 0 0 0 5.08895e-07 1.9524e-06 -4.45945e-07 0 0 0 0 0 0 0 0 0 14.108 8.92269 1 0
18 35 0 -0.883504 0.460993 0.0831046 1.20405 1.20405 0 -0.104293 -0.220599 0.132759 -0.104293 -0.220599 0.132759 0 0 0 5.18007e-06 8.97344e-06 4.1517e-06 0 0 0 0 0 0 0 0 0 14.1403 8.94311 1 0
18 48 0 0.980361 0.141278 0.137595 1.48424 1.48424 0 0.0431433 -0.357408 0.0572066 0.0431433 -0.357408 0.0572066 0 0 0 -1.02762e-06 1.1881e-05 -4.40091e-06 0 0 0 0 0 0 0 0 0 13.9224 8.80533 1 0
19 82 0 -0.0656903 0.289743 0.954848 0.717338 0.717338 0 -0.278789 0.039293 -0.031136 -0.278789 0.039293 -0.031136 0 0 0 5.06625e-05 -9.32373e-06 6.44616e-06 0 0 0 0 0 0 0 0 0 14.0677 8.8972 1 0
19 93 0 0.959839 -0.203654 0.192964 0.341632 0.341632 0 0.0170375 -0.0576272 -0.145577 0.0170375 -0.0576272 -0.145577 0 0 0 -1.82189e-06 6.17397e-06 1.56208e-05 0 0 0 0 0 0 0 0 0 14.0911 8.91201 1 0
19 117 0 0.186244 -0.210512 -0.959686 0.571237 0.571237 0 -0.125427 0.000317501 -0.0259501 -0.125427 0.000317501 -0.0259501 0 0 0 8.26011e-07 1.21603e-07 1.44489e-07 0 0 0 0 0 0 0 0 0 13.9414 8.81733 1 0
20 30 0 0.152702 -0.224884 -0.962346 0.764354 0.764354 0 -0.322829 -0.0825541 -0.03185 -0.322829 -0.0825541 -0.03185 0 0 0 4.14797e-05 9.49325e-06 4.16026e-06 0 0 0 0 0 0 0 0 0 14.3112 9.05121 1 0
20 35 0 -0.247419 0.47157 0.846408 0.769147 0.769147 0 -0.184102 -0.0505501 -0.0252861 -0.184102 -0.0505501 -0.0252861 0 0 0 4.81928e-05 8.14753e-05 -2.8993e-05 0 0 0 0 0 0 0 0 0 14.3533 9.07783 1 0
20 78 0 0.490133 0.65685 -0.572991 1.85387 1.85387 0 -0.115646 0.17898 0.107685 -0.115646 0.17898 0.107685 0 0 0 1.3999e-06 -4.26532e-06 -3.70691e-06 0 0 0 0 0 0 0 0 0 14.059 8.89169 1 0
21 39 0 0.271942 0.106678 -0.956382 1.14362 1.14362 0 -0.228199 -0.449896 -0.114395 -0.228199 -0.449896 -0.114395 0 0 0 1.86699e-06 3.45777e-06 9.11046e-07 0 0 0 0 0 0 0 0 0 14.3571 9.08021 1 0
21 93 0 0.333235 0.724944 0.602836 2.76351 2.76351 0 -0.425535 0.126815 0.0645772 -0.425535 0.126815 0.0645772 0 0 0 1.6596e-05 -1.83774e-05 1.53027e-05 0 0 0 0 0 0 0 0 0 14.3389 9.06874 1 0
21 96 0 -0.220056 -0.730364 -0.64664 0.66788 0.66788 0 -0.103802 -0.0323194 0.071914 -0.103802 -0.0323194 0.071914 0 0 0 1.13738e-06 3.7999e-07 -8.18023e-07 0 0 0 0 0 0 0 0 0 14.4444 9.13545 1 0
21 117 0 -0.436254 0.724245 -0.533996 0.155376 0.155376 0 -0.0214649 0.00334598 0.0220774 -0.0214649 0.00334598 0.0220774 0 0 0 4.76153e-06 -3.3149e-05 -4.93657e-05 0 0 0 0 0 0 0 0 0 14.1813 8.96903 1 0
21 118 0 -0.0204097 -0.951026 0.308437 1.30246 1.30246 0 -0.211559 -0.159402 -0.503255 -0.211559 -0.159402 -0.503255 0 0 0 1.33337e-06 3.72537e-06 1.09863e-05 0 0 0 0 0 0 0 0 0 14.359 9.08145 1 0
22 28 0 -0.888211 0.440555 -0.130357 0.749204 0.749204 0 0.0452891 0.0543238 -0.121815 0.0452891 0.0543238 -0.121815 0 0 0 -7.57805e-08 2.7602e-06 9.59558e-06 0 0 0 0 0 0 0 0 0 14.2206 8.99389 1 0
22 79 0 -0.434707 0.37618 0.818241 0.544711 0.544711 0 -0.0102741 -0.128972 0.0535768 -0.0102741 -0.128972 0.0535768 0 0 0 -4.48639e-05 0.000240958 -0.000133127 0 0 0 0 0 0 0 0 0 14.0323 8.87483 1 0
22 98 0 -0.30424 -0.911519 0.276714 2.05781 2.05781 0 -0.00150725 -0.160476 -0.553336 -0.00150725 -0.160476 -0.553336 0 0 0 2.09933e-05 -2.34043e-06 1.5971e-05 0 0 0 0 0 0 0 0 0 14.0718 8.89982 1 0
22 100 0 0.188552 0.510407 -0.839007 0.490402 0.490402 0 0.152374 -0.156474 -0.0609627 0.152374 -0.156474 -0.0609627 0 0 0 -8.73307e-05 1.69378e-06 -1.83071e-05 0 0 0 0 0 0 0 0 0 14.156 8.95303 1 0
23 33 0 -0.893148 -0.371359 0.253731 1.86761 1.86761 0 -0.320575 0.718362 -0.0815146 -0.320575 0.718362 -0.0815146 0 0 0 7.6061e-05 -0.000154428 3.72774e-05 0 0 0 0 0 0 0 0 0 14.4712 9.15238 1 0
23 43 0 0.352089 -0.931876 0.0874095 2.74947 2.74947 0 -0.113874 -0.0271805 0.203411 -0.113874 -0.0271805 0.203411 0 0 0 -2.55166e-05 -9.14006e-06 2.52069e-06 0 0 0 0 0 0 0 0 0 14.3857 9.0983 1 0
23 57 0 0.974479 -0.0910477 0.205184 0.535984 0.535984 0 0.00987527 0.11479 0.00407923 0.00987527 0.11479 0.00407923 0 0 0 -1.98956e-05 -4.83198e-06 9.20386e-05 0 0 0 0 0 0 0 0 0 14.433 9.12826 1 0
23 77 0 -0.344628 0.546029 0.7636 2.09724 2.09724 0 -0.324323 -0.044075 -0.120865 -0.324323 -0.044075 -0.120865 0 0 0 2.77362e-05 1.27215e-07 1.33082e-05 0 0 0 0 0 0 0 0 0 14.4384 9.13163 1 0
23 82 0 0.685023 0.233925 -0.689943 3.13699 3.13699 0 -0.499559 0.663645 -0.266389 -0.499559 0.663645 -0.266389 0 0 0 3.39542e-06 -7.03333e-06 7.77679e-07 0 0 0 0 0 0 0 0 0 14.3725 9.08998 1 0
24 59 0 -0.730955 -0.654568 -0.192991 1.88757 1.88757 0 -0.110049 0.201973 -0.252623 -0.110049 0.201973 -0.252623 0 0 0 1.49459e-05 -1.26877e-05 -1.60952e-05 0 0 0 0 0 0 0 0 0 14.3474 9.0741 1 0
24 69 0 0.1377 -0.0839104 0.986913 1.16757 1.16757 0 -0.536245 0.106945 0.0838798 -0.536245 0.106945 0.0838798 0 0 0 9.67015e-05 -3.2139e-05 -1.60495e-05 0 0 0 0 0 0 0 0 0 14.3372 9.06762 1 0
24 72 0 -0.27255 0.74375 0.61037 0.431436 0.431436 0 0.132246 0.0561294 -0.00952278 0.132246 0.0561294 -0.00952278 0 0 0 3.56041e-05 1.9087e-05 -6.88449e-06 0 0 0 0 0 0 0 0 0 14.3364 9.06711 1 0
24 88 0 0.878046 -0.371549 0.301638 1.18908 1.18908 0 0.131589 0.155823 -0.190993 0.131589 0.155823 -0.190993 0 0 0 -8.09534e-06 -1.27023e-05 7.96111e-06 0 0 0 0 0 0 0 0 0 14.2639 9.02126 1 0
25 34 0 0.750541 -0.574944 -0.325771 0.648277 0.648277 0 0.0740586 0.110594 0.10762 0.0740586 0.110594 0.10762 0 0 0 6.225e-05 -1.51297e-05 0.000125388 0 0 0 0 0 0 0 0 0 14.154 8.95177 1 0
25 65 0 0.0686552 0.852938 -0.517478 3.1208 3.1208 0 -0.272969 -0.329185 -0.573597 -0.272969 -0.329185 -0.573597 0 0 0 3.93583e-06 5.34748e-06 9.44031e-06 0 0 0 0 0 0 0 0 0 14.0572 8.89056 1 0
25 108 0 0.704971 0.120491 0.698926 1.5712 1.5712 0 0.0949343 -0.699528 0.0242471 0.0949343 -0.699528 0.0242471 0 0 0 -2.60427e-05 -2.14953e-05 3.08726e-05 0 0 0 0 0 0 0 0 0 14.1279 8.93526 1 0
27 47 0 -0.229764 -0.973107 0.016461 1.10967 1.10967 0 -0.0362804 0.0131403 0.135885 -0.0362804 0.0131403 0.135885 0 0 0 6.42862e-06 -1.77788e-06 -2.59074e-06 0 0 0 0 0 0 0 0 0 14.0581 8.89109 1 0
27 82 0 -0.326783 0.927126 0.183439 1.03615 1.03615 0 -0.219688 -0.128456 0.252898 -0.219688 -0.128456 0.252898 0 0 0 4.98048e-05 3.03136e-05 -6.00013e-05 0 0 0 0 0 0 0 0 0 14.184 8.97073 1 0
27 93 0 0.693783 0.435566 -0.57354 1.03391 1.03391 0 0.132218 -0.215835 -0.00413017 0.132218 -0.215835 -0.00413017 0 0 0 -1.17073e-05 -1.60975e-06 -1.35624e-05 0 0 0 0 0 0 0 0 0 14.208 8.98592 1 0
28 85 0 -0.758081 -0.0745612 -0.647885 1.05722 1.05722 0 -0.133622 -0.000731141 0.157026 -0.133622 -0.000731141 0.157026 0 0 0 5.01614e-06 -2.41689e-06 -5.63752e-06 0 0 0 0 0 0 0 0 0 14.358 9.08078 1 0
29 59 0 0.785205 -0.020274 -0.618903 3.81212 3.81212 0 -0.229102 -0.0165884 -0.290331 -0.229102 -0.0165884 -0.290331 0 0 0 -3.28894e-05 -6.36767e-06 -3.64423e-05 0 0 0 0 0 0 0 0 0 14.3877 9.09955 1 0
29 82 0 0.205215 -0.65284 0.729168 3.25531 3.25531 0 -0.940225 0.400162 0.609003 -0.940225 0.400162 0.609003 0 0 0 1.60158e-05 -2.19275e-05 -2.00958e-05 0 0 0 0 0 0 0 0 0 14.3467 9.07362 1 0
29 122 0 -0.10171 -0.354311 -0.92958 0.352656 0.352656 0 0.124837 -0.0843046 0.0184722 0.124837 -0.0843046 0.0184722 0 0 0 -2.49145e-05 2.35671e-05 -6.32525e-06 0 0 0 0 0 0 0 0 0 14.3863 9.09869 1 0
29 123 0 -0.895444 -0.321589 -0.307833 0.765352 0.765352 0 0.0385993 -0.0635857 -0.0406968 0.0385993 -0.0635857 -0.0406968 0 0 0 1.43455e-07 1.32317e-05 -1.52391e-05 0 0 0 0 0 0 0 0 0 14.3997 9.10716 1 0
29 124 0 -0.502838 0.828549 -0.246292 2.85002 2.85002 0 -0.501143 -0.0235059 0.954579 -0.501143 -0.0235059 0.954579 0 0 0 4.13363e-06 -3.88636e-06 -2.02021e-05 0 0 0 0 0 0 0 0 0 14.4678 9.15023 1 0
30 49 0 -0.606615 -0.730908 -0.312716 0.208934 0.208934 0 0.0187679 -0.00364073 -0.0275945 0.0187679 -0.00364073 -0.0275945 0 0 0 -1.2419e-06 -5.3562e-07 3.62748e-06 0 0 0 0 0 0 0 0 0 14.1407 8.94338 1 0
30 54 0 0.403547 -0.517441 -0.754589 1.39399 1.39399 0 0.345774 0.193206 0.0534865 0.345774 0.193206 0.0534865 0 0 0 -1.63969e-05 1.30269e-06 -9.67087e-06 0 0 0 0 0 0 0 0 0 14.1989 8.98016 1 0
30 81 0 -0.927613 0.209952 0.308957 1.1236 1.1236 0 0.0358117 0.19411 -0.0232296 0.0358117 0.19411 -0.0232296 0 0 0 -3.85882e-06 -6.20829e-06 -7.24646e-06 0 0 0 0 0 0 0 0 0 14.0447 8.88266 1 0
31 47 0 0.537394 0.836307 0.108617 0.726529 0.726529 0 -0.0442016 0.0321202 -0.0261918 -0.0442016 0.0321202 -0.0261918 0 0 0 2.16587e-05 -1.28955e-05 -6.8329e-06 0 0 0 0 0 0 0 0 0 13.972 8.83669 1 0
31 48 0 -0.4933 0.354173 -0.794491 1.32564 1.32564 0 0.199844 -0.0880636 -0.161944 0.199844 -0.0880636 -0.161944 0 0 0 -7.35359e-05 4.99022e-05 6.25465e-05 0 0 0 0 0 0 0 0 0 13.9491 8.82217 1 0
31 100 0 -0.102839 0.552905 0.826874 1.14466 1.14466 0 0.265748 0.0915063 -0.0272295 0.265748 0.0915063 -0.0272295 0 0 0 -8.08007e-05 6.24765e-06 -1.54399e-05 0 0 0 0 0 0 0 0 0 14.0658 8.89597 1 0
31 115 0 -0.0962013 -0.957238 0.272837 1.74242 1.74242 0 0.127452 -0.0776431 -0.232227 0.127452 -0.0776431 -0.232227 0 0 0 -8.50471e-05 2.45391e-05 6.62629e-05 0 0 0 0 0 0 0 0 0 14.2233 8.99561 1 0
32 70 0 0.927363 0.246227 -0.281727 1.29797 1.29797 0 0.124717 -0.125901 0.334617 0.124717 -0.125901 0.334617 0 0 0 -1.50475e-05 1.72886e-05 -3.87625e-05 0 0 0 0 0 0 0 0 0 14.3512 9.07647 1 0
32 78 0 -0.739498 -0.522637 -0.424256 1.18059 1.18059 0 0.0899065 -0.339862 0.257561 0.0899065 -0.339862 0.257561 0 0 0 -7.10636e-06 -1.30926e-06 1.35215e-05 0 0 0 0 0 0 0 0 0 14.1265 8.93435 1 0
32 89 0 -0.673261 0.736832 -0.0616251 0.879143 0.879143 0 0.0958634 0.11478 0.306944 0.0958634 0.11478 0.306944 0 0 0 6.02521e-06 6.89971e-08 -6.29412e-05 0 0 0 0 0 0 0 0 0 14.3963 9.10503 1 0
32 102 0 -0.848126 -0.0486383 0.527557 0.0531197 0.0531197 0 -0.00418044 0.00321397 -0.00642199 -0.00418044 0.00321397 -0.00642199 0 0 0 -7.79702e-07 -1.6782e-06 -1.40855e-06 0 0 0 0 0 0 0 0 0 14.428 9.12505 1 0
33 60 0 -0.622654 -0.434876 0.650527 2.01787 2.01787 0 -0.0689783 0.161084 0.0442375 -0.0689783 0.161084 0.0442375 0 0 0 -5.02193e-05 4.43019e-05 -1.41706e-05 0 0 0 0 0 0 0 0 0 14.1598 8.95543 1 0
33 61 0 0.430373 0.000755684 0.902651 0.461511 0.461511 0 0.0391107 -0.213358 -0.0184987 0.0391107 -0.213358 -0.0184987 0 0 0 -0.000112418 0.000326213 5.67332e-05 0 0 0 0 0 0 0 0 0 14.1943 8.97729 1 0
33 83 0 -0.191193 0.893773 -0.405729 4.21726 4.21726 0 -0.519432 -0.210558 -0.277085 -0.519432 -0.210558 -0.277085 0 0 0 -0.000115197 0.000106396 0.000168836 0 0 0 0 0 0 0 0 0 14.4416 9.13369 1 0
33 90 0 0.328757 -0.891614 -0.311357 3.76428 3.76428 0 0.219294 0.053116 0.0968284 0.219294 0.053116 0.0968284 0 0 0 -3.5284e-05 -2.3913e-05 3.56297e-05 0 0 0 0 0 0 0 0 0 14.2162 8.99113 1 0
34 66 0 -0.746755 -0.633694 -0.201965 1.20447 1.20447 0 -0.00807004 0.0380655 -0.0910953 -0.00807004 0.0380655 -0.0910953 0 0 0 7.18356e-06 -2.83349e-05 6.58741e-05 0 0 0 0 0 0 0 0 0 14.1017 8.91869 1 0
34 111 0 0.90153 0.347076 0.258421 1.54331 1.54331 0 0.0767903 -0.0725741 -0.168037 0.0767903 -0.0725741 -0.168037 0 0 0 -3.83952e-07 3.62871e-07 8.40186e-07 0 0 0 0 0 0 0 0 0 14.0472 8.88424 1 0
35 99 0 0.345957 0.474216 0.809588 1.7922 1.7922 0 0.691672 -0.330592 -0.099258 0.691672 -0.330592 -0.099258 0 0 0 -0.000146646 0.000164386 -3.91301e-05 0 0 0 0 0 0 0 0 0 14.2694 9.02476 1 0
35 101 0 -0.197932 -0.394799 0.897194 3.05349 3.05349 0 -0.981926 0.113861 -0.193409 -0.981926 0.113861 -0.193409 0 0 0 2.82006e-06 1.51342e-06 1.21757e-06 0 0 0 0 0 0 0 0 0 14.4173 9.11828 1 0
35 102 0 0.610532 0.643722 -0.461381 1.4352 1.4352 0 -0.260588 0.149429 -0.138611 -0.260588 0.149429 -0.138611 0 0 0 -9.19051e-06 9.8909e-06 1.10401e-06 0 0 0 0 0 0 0 0 0 14.3902 9.10113 1 0
36 40 0 0.924129 -0.379395 -0.0452136 3.28394 3.28394 0 0.216918 0.709654 0.401137 0.216918 0.709654 0.401137 0 0 0 -2.3201e-06 -1.1844e-05 -1.20465e-05 0 0 0 0 0 0 0 0 0 14.129 8.93593 1 0
36 83 0 -0.624949 -0.752877 -0.206434 3.99923 3.99923 0 -0.725201 0.63871 -0.108568 -0.725201 0.63871 -0.108568 0 0 0 0.000276271 -0.000223561 -1.74749e-05 0 0 0 0 0 0 0 0 0 14.2679 9.02378 1 0
36 98 0 0.13605 0.374163 0.917329 1.57409 1.57409 0 0.199558 0.216285 -0.11525 0.199558 0.216285 -0.11525 0 0 0 -0.000112197 6.36056e-05 -8.92258e-06 0 0 0 0 0 0 0 0 0 14.0485 8.88507 1 0
36 107 0 -0.643543 0.0891644 -0.760199 0.31034 0.31034 0 -0.010697 0.105107 0.0215495 -0.010697 0.105107 0.0215495 0 0 0 -7.35571e-07 -5.79721e-06 -8.29871e-08 0 0 0 0 0 0 0 0 0 14.1543 8.95197 1 0
37 58 0 -0.0309902 -0.599737 -0.799596 1.0027 1.0027 0 0.20564 0.0810631 -0.066896 0.20564 0.0810631 -0.066896 0 0 0 -4.26227e-05 -2.30219e-05 1.97864e-05 0 0 0 0 0 0 0 0 0 14.1447 8.94592 1 0
37 71 0 -0.460728 0.71723 0.522791 0.882137 0.882137 0 0.185988 0.0564861 0.102232 0.185988 0.0564861 0.102232 0 0 0 -2.81959e-06 -1.63892e-06 -4.12532e-07 0 0 0 0 0 0 0 0 0 14.0072 8.85892 1 0
37 108 0 -0.290291 -0.906961 0.30521 0.283814 0.283814 0 0.0117184 0.0382421 0.124784 0.0117184 0.0382421 0.124784 0 0 0 8.28649e-06 -7.47078e-05 -0.000212583 0 0 0 0 0 0 0 0 0 13.9585 8.82812 1 0
38 52 0 0.598261 0.686747 0.41287 0.12679 0.12679 0 0.00232702 -0.0152424 0.0219037 0.00232702 -0.0152424 0.0219037 0 0 0 -2.83367e-06 2.79185e-06 -5.1284e-07 0 0 0 0 0 0 0 0 0 14.2856 9.035 1 0
38 66 0 -0.52439 0.261279 -0.8104 0.120146 0.120146 0 0.00317388 -0.0152341 -0.00696411 0.00317388 -0.0152341 -0.00696411 0 0 0 -2.04621e-06 -9.21578e-06 -1.64511e-06 0 0 0 0 0 0 0 0 0 14.2655 9.02231 1 0
38 103 0 -0.810015 -0.134974 0.570664 0.115486 0.115486 0 0.013684 -0.000131535 0.0194086 0.013684 -0.000131535 0.0194086 0 0 0 -2.49895e-07 1.85792e-06 1.22658e-07 0 0 0 0 0 0 0 0 0 14.2407 9.00663 1 0
38 105 0 0.525736 -0.643769 -0.556025 0.109574 0.109574 0 0.00390306 -0.00172821 0.00569236 0.00390306 -0.00172821 0.00569236 0 0 0 6.62561e-06 1.60022e-05 -1.22941e-05 0 0 0 0 0 0 0 0 0 14.3115 9.05142 1 0
39 109 0 0.11943 -0.66522 -0.737034 1.62417 1.62417 0 -0.0802801 0.388651 -0.363634 -0.0802801 0.388651 -0.363634 0 0 0 2.40575e-05 -2.91432e-05 2.88932e-05 0 0 0 0 0 0 0 0 0 14.2321 9.00117 1 0
40 82 0 0.24079 -0.668114 -0.70402 1.58958 1.58958 0 -0.441179 -0.223584 0.0678058 -0.441179 -0.223584 0.0678058 0 0 0 2.0094e-05 1.55363e-05 -7.86144e-06 0 0 0 0 0 0 0 0 0 14.2025 8.98243 1 0
40 92 0 0.754351 -0.122951 0.644855 4.69386 4.69386 0 0.104622 -0.230513 -0.267437 0.104622 -0.230513 -0.267437 0 0 0 -1.75161e-05 -7.28561e-06 2.00115e-05 0 0 0 0 0 0 0 0 0 14.1829 8.97004 1 0
40 115 0 -0.287191 0.652746 -0.70103 2.15022 2.15022 0 0.282218 0.153427 0.051897 0.282218 0.153427 0.051897 0 0 0 -1.11699e-05 -4.21341e-06 6.12058e-07 0 0 0 0 0 0 0 0 0 14.3331 9.06504 1 0
41 86 0 0.962366 -0.015003 -0.271344 2.27957 2.27957 0 -0.234966 0.13764 -0.633696 -0.234966 0.13764 -0.633696 0 0 0 1.64845e-05 1.33921e-05 3.95686e-05 0 0 0 0 0 0 0 0 0 14.0015 8.85531 1 0
41 92 0 -0.645941 -0.0999322 0.756818 2.22516 2.22516 0 -0.521494 0.118925 -0.431795 -0.521494 0.118925 -0.431795 0 0 0 1.91495e-05 1.68495e-06 1.68331e-05 0 0 0 0 0 0 0 0 0 13.9958 8.85171 1 0
42 86 0 0.405034 0.464868 0.787303 2.19276 2.19276 0 0.0351897 0.0883725 -0.0668635 0.0351897 0.0883725 -0.0668635 0 0 0 7.85583e-05 -2.45766e-05 -2.4821e-05 0 0 0 0 0 0 0 0 0 14.0721 8.9 1 0
42 88 0 0.502733 0.760655 -0.410687 0.952095 0.952095 0 0.00272089 0.0159279 0.0355828 0.00272089 0.0159279 0.0355828 0 0 0 -1.40176e-05 -1.55117e-06 -2.05244e-05 0 0 0 0 0 0 0 0 0 14.0445 8.88253 1 0
42 93 0 -0.684963 -0.661385 -0.305607 2.88039 2.88039 0 -0.249119 0.127255 0.287744 -0.249119 0.127255 0.287744 0 0 0 1.5916e-06 -6.66321e-07 -2.04087e-06 0 0 0 0 0 0 0 0 0 14.109 8.9233 1 0
42 104 0 0.359683 -0.175681 -0.916387 0.860471 0.860471 0 0.25324 0.321692 0.0377963 0.25324 0.321692 0.0377963 0 0 0 -7.6663e-06 -8.01431e-06 -1.47958e-06 0 0 0 0 0 0 0 0 0 14.04 8.8797 1 0
43 90 0 -0.933381 -0.32914 -0.143059 1.51949 1.51949 0 0.187298 -0.454253 -0.170175 0.187298 -0.454253 -0.170175 0 0 0 -4.44187e-06 8.14099e-06 1.05119e-05 0 0 0 0 0 0 0 0 0 14.1351 8.93985 1 0
44 75 0 -0.880546 -0.195552 0.431739 0.333151 0.333151 0 0.00441543 -0.107035 -0.0402022 0.00441543 -0.107035 -0.0402022 0 0 0 -9.29083e-07 -1.8778e-05 -9.49079e-06 0 0 0 0 0 0 0 0 0 14.1211 8.93097 1 0
44 96 0 0.42474 0.867282 0.25965 0.29868 0.29868 0 0.0614739 -0.0100904 -0.0667567 0.0614739 -0.0100904 -0.0667567 0 0 0 -2.22079e-05 6.77295e-06 1.3872e-05 0 0 0 0 0 0 0 0 0 14.4687 9.15078 1 0
44 103 0 0.614426 0.145393 -0.775462 0.121248 0.121248 0 0.0188116 0.000736792 0.0150355 0.0188116 0.000736792 0.0150355 0 0 0 8.84854e-06 8.57369e-06 8.61493e-06 0 0 0 0 0 0 0 0 0 14.2925 9.03935 1 0
44 121 0 0.434579 -0.838511 -0.328695 0.094589 0.094589 0 -0.0338114 -0.0158178 -0.00434912 -0.0338114 -0.0158178 -0.00434912 0 0 0 1.53516e-06 2.33132e-06 -3.94969e-06 0 0 0 0 0 0 0 0 0 14.3993 9.10693 1 0
46 73 0 0.430915 0.122328 -0.894063 2.40269 2.40269 0 0.401276 0.342331 0.238313 0.401276 0.342331 0.238313 0 0 0 -1.2894e-06 -1.07867e-06 -7.66408e-07 0 0 0 0 0 0 0 0 0 14.0083 8.8596 1 0
46 88 0 -0.522693 0.252565 0.81425 1.06215 1.06215 0 0.103986 -0.037118 0.0784958 0.103986 -0.037118 0.0784958 0 0 0 -6.03109e-05 -6.47915e-05 -1.79811e-05 0 0 0 0 0 0 0 0 0 14.173 8.96376 1 0
46 104 0 -0.66521 -0.67841 0.311857 1.549 1.549 0 0.0449726 0.183471 0.483426 0.0449726 0.183471 0.483426 0 0 0 1.33298e-06 -1.01186e-06 6.18283e-07 0 0 0 0 0 0 0 0 0 14.1684 8.96085 1 0
47 66 0 0.841453 -0.402601 0.360374 0.497962 0.497962 0 0.0428241 -0.0431278 -0.14834 0.0428241 -0.0431278 -0.14834 0 0 0 4.76379e-06 2.76084e-05 1.97709e-05 0 0 0 0 0 0 0 0 0 14.0899 8.91124 1 0
47 100 0 -0.637336 -0.279515 0.718105 0.436751 0.436751 0 -0.128492 -0.0612816 -0.137873 -0.128492 -0.0612816 -0.137873 0 0 0 7.9127e-06 1.28541e-05 1.20219e-05 0 0 0 0 0 0 0 0 0 14.0793 8.90454 1 0
48 62 0 0.414911 0.48267 -0.771284 2.80189 2.80189 0 0.105993 0.0428228 0.0822291 0.105993 0.0428228 0.0822291 0 0 0 1.76839e-06 -6.79052e-07 5.38624e-07 0 0 0 0 0 0 0 0 0 13.8707 8.77263 1 0
48 74 0 -0.481065 -0.630819 0.608806 1.52495 1.52495 0 0.509216 -0.199524 0.196708 0.509216 -0.199524 0.196708 0 0 0 -9.60679e-05 7.10557e-05 -3.61034e-06 0 0 0 0 0 0 0 0 0 14.0086 8.85984 1 0
49 71 0 -0.383067 -0.891891 0.240398 0.33698 0.33698 0 -0.0154913 0.0250218 0.0664844 -0.0154913 0.0250218 0.0664844 0 0 0 -3.15953e-06 -6.31199e-06 -2.74753e-05 0 0 0 0 0 0 0 0 0 14.0197 8.86686 1 0
49 105 0 0.148092 0.277969 -0.949106 0.267024 0.267024 0 -0.00294146 0.0449514 0.0130084 -0.00294146 0.0449514 0.0130084 0 0 0 1.10948e-06 -3.11029e-06 -7.72281e-07 0 0 0 0 0 0 0 0 0 14.1335 8.93884 1 0
51 73 0 -0.587292 -0.219704 -0.778985 0.66055 0.66055 0 0.194796 -0.130125 -0.110134 0.194796 -0.130125 -0.110134 0 0 0 -0.000132518 5.40261e-05 8.30186e-05 0 0 0 0 0 0 0 0 0 14.0403 8.87989 1 0
51 75 0 0.237753 0.969181 -0.0645113 1.75905 1.75905 0 -0.299876 0.0365077 -0.564324 -0.299876 0.0365077 -0.564324 0 0 0 2.67582e-05 -4.43786e-06 3.12148e-05 0 0 0 0 0 0 0 0 0 14.0358 8.877 1 0
51 80 0 -0.668009 0.495746 0.554978 0.285295 0.285295 0 0.00111075 0.012589 -0.00989889 0.00111075 0.012589 -0.00989889 0 0 0 1.35859e-05 -1.02136e-05 2.47765e-05 0 0 0 0 0 0 0 0 0 14.0896 8.91108 1 0
51 119 0 -0.155003 -0.952096 -0.263605 2.77614 2.77614 0 -0.316399 0.177943 -0.352864 -0.316399 0.177943 -0.352864 0 0 0 5.11529e-06 -4.07369e-06 9.28737e-06 0 0 0 0 0 0 0 0 0 14.2168 8.99147 1 0
51 123 0 -0.0290719 -0.674128 0.738043 0.1565 0.1565 0 0.0587195 0.0117442 0.0130407 0.0587195 0.0117442 0.0130407 0 0 0 2.75271e-06 -9.028e-06 -8.13498e-06 0 0 0 0 0 0 0 0 0 14.3005 9.04442 1 0
51 124 0 0.363179 0.481986 0.797365 2.48619 2.48619 0 0.0538747 -0.259455 0.127789 0.0538747 -0.259455 0.127789 0 0 0 -6.76509e-06 -3.03116e-05 2.14577e-05 0 0 0 0 0 0 0 0 0 14.3672 9.08661 1 0
52 78 0 0.724872 -0.00658715 0.688852 1.87904 1.87904 0 0.130453 -0.602924 -0.142406 0.130453 -0.602924 -0.142406 0 0 0 2.23036e-05 8.40105e-05 -2.16427e-05 0 0 0 0 0 0 0 0 0 14.0195 8.86673 1 0
52 85 0 0.37324 -0.44601 -0.813491 1.89369 1.89369 0 0.500812 0.0788199 0.184507 0.500812 0.0788199 0.184507 0 0 0 1.93825e-05 -3.19829e-05 2.36638e-05 0 0 0 0 0 0 0 0 0 14.3228 9.05854 1 0
52 108 0 -0.432456 0.90164 -0.00515228 1.57854 1.57854 0 -0.0998857 -0.0504223 -0.530684 -0.0998857 -0.0504223 -0.530684 0 0 0 -3.86406e-05 -1.84779e-05 2.9279e-05 0 0 0 0 0 0 0 0 0 14.0952 8.91456 1 0
52 109 0 -0.984457 0.0875617 0.152242 1.94251 1.94251 0 0.0729033 -0.0900291 0.521352 0.0729033 -0.0900291 0.521352 0 0 0 -9.48794e-06 0.000234031 -2.94807e-05 0 0 0 0 0 0 0 0 0 14.1904 8.97477 1 0
54 105 0 -0.861174 0.0654327 -0.504081 0.672599 0.672599 0 0.0429786 0.319279 -0.0319706 0.0429786 0.319279 -0.0319706 0 0 0 -6.744e-06 -3.51443e-05 6.85435e-06 0 0 0 0 0 0 0 0 0 14.1916 8.97556 1 0
54 113 0 -0.313845 -0.904271 0.289474 1.1074 1.1074 0 0.292894 -0.0696129 0.0953256 0.292894 -0.0696129 0.0953256 0 0 0 -4.35206e-05 1.0437e-05 -5.17926e-06 0 0 0 0 0 0 0 0 0 14.0231 8.86901 1 0
55 98 0 -0.902658 -0.109881 0.416094 0.884871 0.884871 0 -0.112339 -0.0378683 -0.250731 -0.112339 -0.0378683 -0.250731 0 0 0 5.9345e-06 3.89837e-05 2.26215e-05 0 0 0 0 0 0 0 0 0 14.1061 8.92151 1 0
55 106 0 0.317888 0.629051 -0.709395 1.09729 1.09729 0 -0.191855 -0.118716 -0.19318 -0.191855 -0.118716 -0.19318 0 0 0 3.855e-06 3.71738e-06 5.08782e-06 0 0 0 0 0 0 0 0 0 14.0925 8.9129 1 0
55 121 0 0.596411 -0.20621 0.775739 1.20118 1.20118 0 0.0377185 -0.188745 -0.0776636 0.0377185 -0.188745 -0.0776636 0 0 0 4.96364e-06 1.74966e-05 8.2522e-07 0 0 0 0 0 0 0 0 0 14.2816 9.03246 1 0
57 65 0 0.706636 0.0859552 -0.702337 1.53975 1.53975 0 -0.00801209 -0.105457 -0.0198326 -0.00801209 -0.105457 -0.0198326 0 0 0 -2.30257e-05 -1.79806e-05 -2.54778e-05 0 0 0 0 0 0 0 0 0 14.0812 8.90575 1 0
57 82 0 -0.293836 0.326243 -0.898458 0.838528 0.838528 0 -0.188156 0.260284 0.155958 -0.188156 0.260284 0.155958 0 0 0 -5.05496e-06 -4.87985e-06 -1.16403e-07 0 0 0 0 0 0 0 0 0 14.2954 9.04122 1 0
57 92 0 0.216073 0.86992 0.443341 0.775051 0.775051 0 -0.151007 -0.0386975 0.150282 -0.151007 -0.0386975 0.150282 0 0 0 5.43848e-06 -4.7697e-06 6.65539e-06 0 0 0 0 0 0 0 0 0 14.2754 9.02858 1 0
58 65 0 -0.895631 0.430608 -0.111457 1.11009 1.11009 0 -0.0739537 -0.0751265 0.307323 -0.0739537 -0.0751265 0.307323 0 0 0 5.59259e-05 8.00197e-05 -0.000179058 0 0 0 0 0 0 0 0 0 14.0732 8.90069 1 0
58 111 0 0.684858 -0.647563 0.334114 0.812004 0.812004 0 -0.0223517 -0.0844918 -0.120562 -0.0223517 -0.0844918 -0.120562 0 0 0 4.91708e-06 1.32398e-05 1.60093e-05 0 0 0 0 0 0 0 0 0 14.2105 8.98754 1 0
59 91 0 0.185361 -0.117628 0.975605 2.66654 2.66654 0 -0.187856 0.374286 0.0801978 -0.187856 0.374286 0.0801978 0 0 0 1.22529e-06 -1.95923e-06 -4.6124e-07 0 0 0 0 0 0 0 0 0 14.1976 8.97935 1 0
59 122 0 -0.88889 -0.335129 -0.312351 0.033091 0.033091 0 -0.00117212 0.00607094 -0.00317924 -0.00117212 0.00607094 -0.00317924 0 0 0 4.02035e-07 -1.48731e-06 4.51803e-07 0 0 0 0 0 0 0 0 0 14.3157 9.05405 1 0
60 78 0 0.185518 -0.840365 0.509283 0.566636 0.566636 0 -0.176856 0.0673291 0.175609 -0.176856 0.0673291 0.175609 0 0 0 -2.29865e-06 -5.07194e-06 -7.52845e-06 0 0 0 0 0 0 0 0 0 13.8578 8.76445 1 0
60 87 0 -0.633142 -0.0677848 0.771062 0.589605 0.589605 0 -0.0353024 -0.215554 -0.0478457 -0.0353024 -0.215554 -0.0478457 0 0 0 1.18176e-06 8.23566e-07 1.06418e-06 0 0 0 0 0 0 0 0 0 13.8953 8.78814 1 0
60 89 0 0.241235 0.439464 0.865261 0.846397 0.846397 0 0.162669 -0.201433 0.0569169 0.162669 -0.201433 0.0569169 0 0 0 7.42772e-05 7.79392e-05 -4.7733e-05 0 0 0 0 0 0 0 0 0 14.1123 8.9254 1 0
60 108 0 -0.978836 0.0776807 -0.189328 1.17077 1.17077 0 -0.0290574 -0.264671 0.0331257 -0.0290574 -0.264671 0.0331257 0 0 0 -1.93961e-05 4.25133e-05 0.0001268 0 0 0 0 0 0 0 0 0 13.9308 8.81063 1 0
60 111 0 -0.0251714 -0.275264 -0.961039 0.124687 0.124687 0 -0.0337358 -0.0145509 0.00504655 -0.0337358 -0.0145509 0.00504655 0 0 0 4.38899e-06 6.38355e-06 -1.94182e-06 0 0 0 0 0 0 0 0 0 13.9943 8.85075 1 0
61 119 0 -0.0727391 0.672533 0.736484 1.5551 1.5551 0 -0.0348788 0.214137 -0.213025 -0.0348788 0.214137 -0.213025 0 0 0 2.81934e-07 -9.08243e-06 8.90436e-06 0 0 0 0 0 0 0 0 0 14.0704 8.89889 1 0
62 70 0 0.15179 0.799107 -0.581711 2.56064 2.56064 0 0.671637 0.0885911 0.302732 0.671637 0.0885911 0.302732 0 0 0 -0.000130941 3.0912e-06 -3.70671e-05 0 0 0 0 0 0 0 0 0 14.0172 8.86528 1 0
62 79 0 -0.652894 -0.418196 -0.631539 1.31571 1.31571 0 -0.109903 -0.437237 0.40372 -0.109903 -0.437237 0.40372 0 0 0 -3.02714e-07 3.48879e-06 -2.0246e-06 0 0 0 0 0 0 0 0 0 13.8662 8.76975 1 0
62 96 0 0.977785 -0.0633227 -0.199816 1.22938 1.22938 0 -0.0249315 0.32571 -0.219158 -0.0249315 0.32571 -0.219158 0 0 0 6.62551e-06 -2.46316e-05 3.85074e-05 0 0 0 0 0 0 0 0 0 14.1369 8.94097 1 0
64 83 0 0.232634 0.0585987 0.970797 1.52388 1.52388 0 0.298067 -0.46354 -0.0438315 0.298067 -0.46354 -0.0438315 0 0 0 -1.07626e-06 6.2488e-06 -1.16846e-07 0 0 0 0 0 0 0 0 0 14.4027 9.10906 1 0
64 88 0 -0.589442 0.688909 -0.421856 1.3084 1.3084 0 0.0398336 -0.270074 -0.502525 0.0398336 -0.270074 -0.502525 0 0 0 -2.7513e-06 5.12876e-06 1.2787e-05 0 0 0 0 0 0 0 0 0 14.2516 9.01351 1 0
65 91 0 -0.230691 0.770759 -0.593896 3.39726 3.39726 0 0.32584 0.357498 0.326439 0.32584 0.357498 0.326439 0 0 0 1.20794e-05 -1.73916e-06 -6.63253e-06 0 0 0 0 0 0 0 0 0 13.95 8.82277 1 0
65 93 0 0.0227965 -0.250217 -0.967921 1.43326 1.43326 0 0.378334 0.145102 -0.0277417 0.378334 0.145102 -0.0277417 0 0 0 3.77767e-05 -3.81439e-05 1.08566e-05 0 0 0 0 0 0 0 0 0 14.0482 8.88487 1 0
66 72 0 0.11054 -0.664597 -0.73898 1.65746 1.65746 0 0.574179 -0.23163 0.308722 0.574179 -0.23163 0.308722 0 0 0 -2.16397e-05 8.27182e-06 -1.18201e-05 0 0 0 0 0 0 0 0 0 14.2457 9.0098 1 0
66 101 0 0.905113 -0.154228 -0.396211 2.75047 2.75047 0 -0.273067 0.277835 -0.747924 -0.273067 0.277835 -0.747924 0 0 0 7.60095e-05 5.1169e-05 0.000163037 0 0 0 0 0 0 0 0 0 14.3205 9.05708 1 0
66 106 0 -0.750764 -0.560355 0.349793 1.93424 1.93424 0 -0.376884 0.244114 -0.410423 -0.376884 0.244114 -0.410423 0 0 0 2.89005e-05 -3.06202e-05 1.12083e-05 0 0 0 0 0 0 0 0 0 14.0878 8.90989 1 0
67 68 0 -0.817753 0.528829 0.2272 0.191081 0.191081 0 -0.000577254 -0.0164214 0.0361184 -0.000577254 -0.0164214 0.0361184 0 0 0 -2.99798e-07 5.49462e-07 -2.35728e-06 0 0 0 0 0 0 0 0 0 14.263 9.02069 1 0
67 71 0 -0.73752 -0.391977 -0.549925 1.55174 1.55174 0 0.167729 -0.0337171 -0.188651 0.167729 -0.0337171 -0.188651 0 0 0 -2.12572e-05 7.63475e-06 2.15289e-05 0 0 0 0 0 0 0 0 0 14.0701 8.89873 1 0
67 73 0 0.965652 -0.239281 -0.101292 1.0906 1.0906 0 -0.0162833 -0.0238426 -0.0856498 -0.0162833 -0.0238426 -0.0856498 0 0 0 -4.08989e-06 6.23497e-06 -4.90764e-05 0 0 0 0 0 0 0 0 0 13.9555 8.82624 1 0
68 81 0 0.15225 0.905673 -0.395698 2.19599 2.19599 0 -0.338703 0.0932737 0.0793084 -0.338703 0.0932737 0.0793084 0 0 0 0.000111993 -4.42735e-05 -5.03052e-05 0 0 0 0 0 0 0 0 0 14.1131 8.92588 1 0
68 121 0 -0.895271 -0.236761 -0.377405 0.890711 0.890711 0 0.0650319 -0.128551 -0.071735 0.0650319 -0.128551 -0.071735 0 0 0 8.52349e-07 -5.77049e-07 -1.60673e-06 0 0 0 0 0 0 0 0 0 14.4028 9.10916 1 0
69 72 0 -0.41127 0.82976 -0.377299 2.40109 2.40109 0 -0.375226 0.0365787 0.498328 -0.375226 0.0365787 0.498328 0 0 0 0.000196431 0.000175038 0.000153982 0 0 0 0 0 0 0 0 0 14.2959 9.04153 1 0
69 86 0 0.644169 -0.58026 0.498342 2.36414 2.36414 0 -0.507373 -0.651588 -0.098667 -0.507373 -0.651588 -0.098667 0 0 0 3.95038e-05 5.79981e-05 1.93999e-05 0 0 0 0 0 0 0 0 0 14.2527 9.01421 1 0
69 91 0 -0.689498 -0.692385 -0.212593 1.05389 1.05389 0 0.129559 -0.249805 0.393465 0.129559 -0.249805 0.393465 0 0 0 -2.58767e-05 3.8956e-05 -4.33651e-05 0 0 0 0 0 0 0 0 0 14.1877 8.97307 1 0
69 105 0 0.528864 0.586965 0.613005 1.12202 1.12202 0 -0.0245848 0.324385 -0.292933 -0.0245848 0.324385 -0.292933 0 0 0 -3.29456e-05 4.35234e-05 -1.4606e-05 0 0 0 0 0 0 0 0 0 14.2924 9.0393 1 0
70 117 0 0.614314 0.610498 0.49991 2.417 2.417 0 -0.182881 0.56548 -0.465546 -0.182881 0.56548 -0.465546 0 0 0 1.57601e-05 1.32377e-06 -2.15921e-05 0 0 0 0 0 0 0 0 0 14.1082 8.92282 1 0
71 92 0 -0.954214 -0.0936145 -0.284098 1.39928 1.39928 0 -0.00651015 -0.0973158 0.0664418 -0.00651015 -0.0973158 0.0664418 0 0 0 -9.70156e-08 5.75536e-06 -1.72553e-06 0 0 0 0 0 0 0 0 0 14.126 8.93406 1 0
72 101 0 0.792503 0.506711 0.339386 0.486135 0.486135 0 0.119869 -0.112414 -0.112854 0.119869 -0.112414 -0.112854 0 0 0 -6.57481e-07 -1.96806e-06 4.51088e-06 0 0 0 0 0 0 0 0 0 14.3707 9.0888 1 0
72 118 0 -0.379559 0.77752 -0.501396 0.939848 0.939848 0 0.144377 -0.0387591 -0.16877 0.144377 -0.0387591 -0.16877 0 0 0 -2.9495e-06 -7.16893e-07 1.0957e-06 0 0 0 0 0 0 0 0 0 14.3101 9.05049 1 0
72 120 0 -0.868163 -0.0928686 -0.487513 0.973362 0.973362 0 -0.0472331 0.33076 0.0182672 -0.0472331 0.33076 0.0182672 0 0 0 8.66969e-06 -3.25822e-05 -8.94639e-06 0 0 0 0 0 0 0 0 0 14.2027 8.98256 1 0
73 77 0 0.629041 -0.477842 -0.613168 2.09634 2.09634 0 -0.271593 -0.0993592 -0.195177 -0.271593 -0.0993592 -0.195177 0 0 0 -5.7659e-06 -5.25472e-06 -1.53689e-06 0 0 0 0 0 0 0 0 0 14.0901 8.91138 1 0
73 98 0 0.647003 0.634356 -0.423061 2.11327 2.11327 0 -0.144435 -0.12685 -0.390663 -0.144435 -0.12685 -0.390663 0 0 0 -2.9097e-05 1.36401e-05 -2.48372e-05 0 0 0 0 0 0 0 0 0 13.918 8.80254 1 0
73 119 0 0.431936 -0.740846 0.514372 0.0493091 0.0493091 0 -0.0108927 8.62086e-05 0.00927151 -0.0108927 8.62086e-05 0.00927151 0 0 0 5.89943e-06 1.89799e-06 -2.22029e-06 0 0 0 0 0 0 0 0 0 13.9985 8.85346 1 0
74 80 0 -0.351859 -0.509721 -0.785099 1.47063 1.47063 0 -0.492338 0.274558 0.0541668 -0.492338 0.274558 0.0541668 0 0 0 4.64136e-06 -3.39996e-06 5.57421e-08 0 0 0 0 0 0 0 0 0 14.0012 8.85515 1 0
74 95 0 -0.23656 0.877659 0.416837 2.62209 2.62209 0 -0.41035 -0.335274 0.452956 -0.41035 -0.335274 0.452956 0 0 0 3.92795e-05 1.28511e-05 -5.85046e-06 0 0 0 0 0 0 0 0 0 14.0818 8.90612 1 0
74 114 0 -0.97862 -0.204276 -0.0239652 0.90822 0.90822 0 -0.0134739 0.057995 0.0521615 -0.0134739 0.057995 0.0521615 0 0 0 1.4658e-05 -6.3802e-05 -9.11543e-05 0 0 0 0 0 0 0 0 0 14.0013 8.85519 1 0
74 124 0 0.68024 -0.511273 -0.525237 3.49873 3.49873 0 0.0713545 -0.695077 0.779789 0.0713545 -0.695077 0.779789 0 0 0 -2.24501e-05 -3.45406e-05 2.25608e-06 0 0 0 0 0 0 0 0 0 14.2735 9.02734 1 0
75 79 0 -0.314729 0.736347 -0.598949 1.60209 1.60209 0 0.345137 0.416972 0.330196 0.345137 0.416972 0.330196 0 0 0 -2.2446e-06 -1.50095e-06 -7.93945e-07 0 0 0 0 0 0 0 0 0 13.8754 8.77558 1 0
75 124 0 0.130234 -0.477131 0.869129 0.0596092 0.0596092 0 -0.0192721 0.000930955 0.00339827 -0.0192721 0.000930955 0.00339827 0 0 0 7.29279e-06 7.35081e-07 -6.8802e-07 0 0 0 0 0 0 0 0 0 14.1374 8.9413 1 0
76 91 0 0.306223 -0.873804 -0.377749 2.46267 2.46267 0 -0.0055696 0.0947954 -0.229652 -0.0055696 0.0947954 -0.229652 0 0 0 3.6404e-06 8.45317e-07 7.29799e-07 0 0 0 0 0 0 0 0 0 13.9584 8.82808 1 0
76 106 0 -0.282553 0.781317 0.556513 2.45496 2.45496 0 -0.0235516 0.136927 -0.205198 -0.0235516 0.136927 -0.205198 0 0 0 1.70571e-06 -5.7192e-06 8.8312e-06 0 0 0 0 0 0 0 0 0 13.9095 8.79713 1 0
76 115 0 -0.998302 -0.057719 0.00789498 0.0311654 0.0311654 0 -0.000234708 0.00386372 -0.00134163 -0.000234708 0.00386372 -0.00134163 0 0 0 -1.01586e-06 1.46514e-05 -2.10192e-05 0 0 0 0 0 0 0 0 0 14.1595 8.95526 1 0
78 79 0 0.892145 -0.441488 0.0957388 1.57552 1.57552 0 0.0250457 0.111231 0.267447 0.0250457 0.111231 0.267447 0 0 0 -6.2704e-06 -1.44303e-05 -8.65512e-06 0 0 0 0 0 0 0 0 0 13.8708 8.77265 1 0
81 103 0 -0.886045 -0.149911 -0.438692 0.0150868 0.0150868 0 -8.04373e-05 -0.000384683 0.000293761 -8.04373e-05 -0.000384683 0.000293761 0 0 0 1.90075e-06 -1.09556e-05 -9.11484e-08 0 0 0 0 0 0 0 0 0 13.9708 8.83594 1 0
81 109 0 -0.453042 0.772855 -0.444352 2.65777 2.65777 0 0.144907 -0.138279 -0.375276 0.144907 -0.138279 -0.375276 0 0 0 -1.78155e-05 2.63595e-05 6.06534e-05 0 0 0 0 0 0 0 0 0 13.9691 8.83486 1 0
83 86 0 -0.917611 0.336467 -0.211613 4.16605 4.16605 0 -0.0748658 -0.589489 -0.605155 -0.0748658 -0.589489 -0.605155 0 0 0 6.51501e-05 -5.79012e-05 -0.000412184 0 0 0 0 0 0 0 0 0 14.3295 9.06277 1 0
85 95 0 0.742511 0.190918 -0.64205 1.40427 1.40427 0 -0.209536 -0.338513 -0.344255 -0.209536 -0.338513 -0.344255 0 0 0 -2.80647e-05 5.48737e-05 -1.7558e-05 0 0 0 0 0 0 0 0 0 14.2449 9.00925 1 0
85 101 0 -0.586107 -0.132652 -0.799301 0.208162 0.208162 0 -0.029404 -0.00647471 0.0226274 -0.029404 -0.00647471 0.0226274 0 0 0 -3.1775e-06 1.09258e-05 5.14753e-07 0 0 0 0 0 0 0 0 0 14.429 9.1257 1 0
85 105 0 -0.444364 -0.882386 -0.154713 0.9119 0.9119 0 -0.00399443 0.0638058 -0.353219 -0.00399443 0.0638058 -0.353219 0 0 0 2.8982e-08 -2.23809e-06 1.26979e-05 0 0 0 0 0 0 0 0 0 14.349 9.07508 1 0
87 97 0 0.00608996 0.995156 -0.0981154 0.821636 0.821636 0 0.210979 -0.0123137 -0.109655 0.210979 -0.0123137 -0.109655 0 0 0 2.43786e-06 -3.06887e-06 -3.71413e-05 0 0 0 0 0 0 0 0 0 14.1092 8.92341 1 0
88 114 0 0.248039 0.889584 0.383558 0.656453 0.656453 0 0.244558 -0.103351 0.0814387 0.244558 -0.103351 0.0814387 0 0 0 7.77769e-05 2.20051e-05 -9.71077e-05 0 0 0 0 0 0 0 0 0 14.0373 8.87796 1 0
89 97 0 -0.852673 0.483381 -0.19822 0.170553 0.170553 0 -0.0269135 -0.0214428 0.0634923 -0.0269135 -0.0214428 0.0634923 0 0 0 -2.01868e-05 -2.43632e-05 2.76789e-05 0 0 0 0 0 0 0 0 0 14.3365 9.06722 1 0
89 102 0 -0.176649 -0.786973 0.591159 1.40467 1.40467 0 -0.318281 0.0315064 -0.051199 -0.318281 0.0315064 -0.051199 0 0 0 -5.35649e-06 -2.64012e-06 -5.1536e-06 0 0 0 0 0 0 0 0 0 14.3616 9.08305 1 0
89 119 0 0.737634 0.663864 0.123213 1.49419 1.49419 0 -0.217867 0.249722 -0.0663489 -0.217867 0.249722 -0.0663489 0 0 0 1.04715e-06 -1.35115e-06 1.16335e-06 0 0 0 0 0 0 0 0 0 14.2512 9.01326 1 0
90 95 0 -0.369779 -0.624716 -0.687745 2.40127 2.40127 0 -0.567623 0.404782 -0.0634394 -0.567623 0.404782 -0.0634394 0 0 0 0.000116234 -5.89295e-05 -9.72705e-06 0 0 0 0 0 0 0 0 0 14.0479 8.88467 1 0
90 100 0 0.734622 -0.671942 -0.0939397 4.6052 4.6052 0 -0.264763 -0.307659 0.120629 -0.264763 -0.307659 0.120629 0 0 0 -6.78188e-05 -5.17704e-05 -0.000136308 0 0 0 0 0 0 0 0 0 14.0926 8.91294 1 0
90 111 0 -0.982457 0.18629 0.00864791 1.96421 1.96421 0 -0.03526 -0.169796 -0.28373 -0.03526 -0.169796 -0.28373 0 0 0 3.04371e-07 1.49468e-06 2.18575e-06 0 0 0 0 0 0 0 0 0 14.0487 8.8852 1 0
95 99 0 -0.793099 0.55108 -0.259432 2.14788 2.14788 0 0.0504402 -0.383365 -0.857598 0.0504402 -0.383365 -0.857598 0 0 0 -3.21331e-05 -3.17457e-05 1.32667e-05 0 0 0 0 0 0 0 0 0 14.1194 8.92988 1 0
96 118 0 0.200074 -0.217073 0.955432 1.08606 1.08606 0 0.0699083 0.122652 0.0133707 0.0699083 0.122652 0.0133707 0 0 0 1.28686e-05 -3.52672e-06 -3.47475e-06 0 0 0 0 0 0 0 0 0 14.4099 9.11361 1 0
100 106 0 0.729212 -0.684244 -0.00780088 2.97451 2.97451 0 0.220241 0.248476 -0.432382 0.220241 0.248476 -0.432382 0 0 0 -2.59629e-05 -2.99518e-05 4.37637e-05 0 0 0 0 0 0 0 0 0 14.0772 8.90319 1 0
101 105 0 0.143932 -0.748602 0.647208 1.02417 1.02417 0 0.13112 0.114371 0.103249 0.13112 0.114371 0.103249 0 0 0 2.1692e-05 4.65176e-06 5.1694e-07 0 0 0 0 0 0 0 0 0 14.3671 9.08653 1 0
101 114 0 0.602584 -0.749724 -0.273508 0.831467 0.831467 0 0.204278 0.137506 0.0781616 0.204278 0.137506 0.0781616 0 0 0 -7.6703e-05 -5.8597e-05 -2.3671e-05 0 0 0 0 0 0 0 0 0 14.1789 8.96755 1 0
107 114 0 -0.566805 0.674604 -0.472908 0.310184 0.310184 0 -0.0346007 -0.076473 -0.0676826 -0.0346007 -0.076473 -0.0676826 0 0 0 2.59644e-06 5.85105e-06 5.24818e-06 0 0 0 0 0 0 0 0 0 14.0701 8.89869 1 0
108 109 0 -0.557213 -0.815136 0.158327 0.374141 0.374141 0 0.120549 -0.090502 -0.0417358 0.120549 -0.090502 -0.0417358 0 0 0 -3.61216e-05 2.82372e-05 1.84751e-05 0 0 0 0 0 0 0 0 0 14.0503 8.88621 1 0
108 112 0 -0.618964 0.70299 0.350268 1.27113 1.27113 0 0.0490398 -0.0283592 0.143721 0.0490398 -0.0283592 0.143721 0 0 0 1.0319e-05 2.7208e-05 -3.51548e-05 0 0 0 0 0 0 0 0 0 14.1309 8.93716 1 0
115 124 0 -0.183159 0.168306 -0.968569 1.22792 1.22792 0 -0.181919 -0.393182 -0.0240666 -0.181919 -0.393182 -0.0240666 0 0 0 9.09597e-07 1.96591e-06 1.20333e-07 0 0 0 0 0 0 0 0 0 14.4899 9.16419 1 0
117 122 0 -0.55971 0.79722 0.226199 0.411185 0.411185 0 0.0738466 0.0388133 0.0523045 0.0738466 0.0388133 0.0523045 0 0 0 -3.98951e-05 -4.2355e-05 4.90449e-05 0 0 0 0 0 0 0 0 0 14.1434 8.94509 1 0
118 120 0 -0.486332 -0.873621 0.0163835 0.800161 0.800161 0 0.225852 -0.120147 0.296385 0.225852 -0.120147 0.296385 0 0 0 -2.18462e-05 1.15599e-05 -2.94837e-05 0 0 0 0 0 0 0 0 0 14.2174 8.99185 1 0
120 124 0 -0.889486 -0.45385 0.0532464 1.19202 1.19202 0 0.00472382 -0.0378223 -0.210235 0.00472382 -0.0378223 -0.210235 0 0 0 6.13056e-06 -1.34302e-05 -1.14579e-05 0 0 0 0 0 0 0 0 0 14.2907 9.03821 1 0
